service_id,monday,tuesday,wednesday,thursday,friday,saturday,sunday,start_date,end_date
1,0,0,0,0,0,0,1,20200227,20200527
8,1,1,1,1,1,0,0,20200227,20200527
10,0,0,0,0,1,0,0,20200227,20200527
13,1,1,1,1,1,0,0,20200227,20200527
14,0,0,0,0,0,1,0,20200227,20200527
15,1,1,1,1,1,0,0,20200227,20200527
19,0,0,1,0,0,0,0,20200227,20200527
20,0,0,0,0,0,0,1,20200227,20200527
21,0,0,0,0,0,0,1,20200227,20200527
23,1,0,0,0,0,0,0,20200227,20200527
25,0,0,0,1,0,0,0,20200227,20200527
28,1,1,1,1,1,0,0,20200227,20200527
29,1,1,1,1,1,0,0,20200227,20200527
30,1,0,0,0,0,0,0,20200227,20200527
31,1,0,0,0,0,0,0,20200227,20200527
32,1,1,1,1,1,0,0,20200227,20200527
33,0,0,0,0,0,1,1,20200227,20200527
34,0,1,0,0,0,0,0,20200227,20200527
35,0,0,0,1,0,0,0,20200227,20200527
36,0,0,0,0,1,0,0,20200227,20200527
38,1,1,1,1,0,0,0,20200227,20200527
39,0,1,1,1,1,0,0,20200227,20200527
40,1,1,1,0,1,0,0,20200227,20200527
41,1,0,1,1,1,0,0,20200227,20200527
42,1,1,0,1,1,0,0,20200227,20200527
46,1,0,1,1,1,0,0,20200227,20200527
53,1,1,1,0,0,0,0,20200227,20200527
56,0,0,0,0,0,1,0,20200227,20200527
57,0,0,0,0,0,0,1,20200227,20200527
60,1,1,1,1,0,0,0,20200227,20200527
61,1,0,1,0,1,0,0,20200227,20200527
62,0,1,0,1,0,0,0,20200227,20200527
71,1,0,0,0,0,0,0,20200227,20200527
72,0,1,0,0,0,0,0,20200227,20200527
73,0,0,1,0,0,0,0,20200227,20200527
80,1,0,0,0,1,0,0,20200227,20200527
88,0,0,0,0,0,0,1,20200227,20200527
90,0,0,0,0,1,0,0,20200227,20200527
92,0,0,0,0,0,0,1,20200227,20200527
96,1,0,0,0,0,0,0,20200227,20200527
127,0,0,0,0,0,1,0,20200227,20200527
128,0,0,0,0,0,0,1,20200227,20200527
134,1,0,0,0,0,0,0,20200227,20200527
143,1,1,1,1,0,0,0,20200227,20200527
164,0,0,0,0,0,1,0,20200227,20200527
165,0,0,0,0,0,0,1,20200227,20200527
180,1,1,1,1,1,0,0,20200227,20200527
183,0,0,0,0,0,1,1,20200227,20200527
184,0,0,0,0,0,0,1,20200227,20200527
192,1,0,0,0,0,0,0,20200227,20200527
196,0,0,0,0,0,1,0,20200227,20200527
197,0,0,0,0,1,0,0,20200227,20200527
202,1,0,1,0,0,0,0,20200227,20200527
203,0,0,0,0,0,0,0,20200227,20200527
204,0,0,0,0,0,0,0,20200227,20200527
205,0,0,0,0,0,0,0,20200227,20200527
206,0,0,0,0,0,0,0,20200227,20200527
207,0,0,0,0,0,0,0,20200227,20200527
208,0,0,0,0,0,0,0,20200227,20200527
209,0,0,0,0,0,0,0,20200227,20200527
210,0,0,0,0,0,0,0,20200227,20200527
211,0,0,0,0,0,0,0,20200227,20200527
212,0,0,0,0,0,0,0,20200227,20200527
213,0,0,0,0,0,0,0,20200227,20200527
215,0,0,0,0,0,0,0,20200227,20200527
216,0,0,0,0,0,0,0,20200227,20200527
217,0,0,0,0,0,0,0,20200227,20200527
218,0,0,0,0,0,0,0,20200227,20200527
219,0,0,0,0,0,0,0,20200227,20200527
220,0,0,0,0,0,0,0,20200227,20200527
221,0,0,0,0,0,0,0,20200227,20200527
223,0,0,0,0,0,0,0,20200227,20200527
224,0,0,0,0,0,0,0,20200227,20200527
225,0,0,0,0,0,0,0,20200227,20200527
226,0,0,0,0,0,0,0,20200227,20200527
227,0,0,0,0,0,0,0,20200227,20200527
228,0,0,0,0,0,0,0,20200227,20200527
229,0,0,0,0,0,0,0,20200227,20200527
230,0,0,0,0,0,0,0,20200227,20200527
231,0,0,0,0,0,0,0,20200227,20200527
232,0,0,0,0,0,0,0,20200227,20200527
233,0,0,0,0,0,0,0,20200227,20200527
234,0,0,0,0,0,0,0,20200227,20200527
237,0,0,0,0,0,0,0,20200227,20200527
238,0,0,0,0,0,0,0,20200227,20200527
239,0,0,0,0,0,0,0,20200227,20200527
240,0,0,0,0,0,0,0,20200227,20200527
241,0,0,0,0,0,0,0,20200227,20200527
242,0,0,0,0,0,0,0,20200227,20200527
243,0,0,0,0,0,0,0,20200227,20200527
244,0,0,0,0,0,0,0,20200227,20200527
245,0,0,0,0,0,0,0,20200227,20200527
246,0,0,0,0,0,0,0,20200227,20200527
247,0,0,0,0,0,0,0,20200227,20200527
248,0,0,0,0,0,0,0,20200227,20200527
249,0,0,0,0,0,0,0,20200227,20200527
250,0,0,0,0,0,0,0,20200227,20200527
252,1,1,1,1,1,0,0,20200227,20200527
254,0,0,0,0,0,0,0,20200227,20200527
255,0,0,0,0,0,0,0,20200227,20200527
256,0,0,0,0,0,0,0,20200227,20200527
257,0,0,0,0,0,0,0,20200227,20200527
262,0,0,0,0,0,0,0,20200227,20200527
263,0,0,0,0,0,0,0,20200227,20200527
264,0,0,0,0,0,0,0,20200227,20200527
265,0,0,0,0,0,0,0,20200227,20200527
266,0,0,0,0,0,0,0,20200227,20200527
267,0,0,0,0,0,0,0,20200227,20200527
268,0,0,0,0,0,0,0,20200227,20200527
269,0,0,0,0,0,0,0,20200227,20200527
271,0,0,0,0,0,0,0,20200227,20200527
272,0,0,0,0,0,0,0,20200227,20200527
285,0,0,0,0,0,0,0,20200227,20200527
286,0,0,0,0,0,0,0,20200227,20200527
287,0,0,0,0,0,0,0,20200227,20200527
288,0,0,0,0,0,0,0,20200227,20200527
336,0,0,0,0,0,0,0,20200227,20200527
337,0,0,0,0,0,0,0,20200227,20200527
338,0,0,0,0,0,0,0,20200227,20200527
339,0,0,0,0,0,0,0,20200227,20200527
340,0,0,0,0,0,0,0,20200227,20200527
341,0,0,0,0,0,0,0,20200227,20200527
342,0,0,0,0,0,0,0,20200227,20200527
343,0,0,0,0,0,0,0,20200227,20200527
344,0,0,0,0,0,0,0,20200227,20200527
345,0,0,0,0,0,0,0,20200227,20200527
346,0,0,0,0,0,0,0,20200227,20200527
347,0,0,0,0,0,0,0,20200227,20200527
348,0,0,0,0,0,0,0,20200227,20200527
349,0,0,0,0,0,0,0,20200227,20200527
350,0,0,0,0,0,0,0,20200227,20200527
351,0,0,0,0,0,0,0,20200227,20200527
352,1,1,1,1,1,0,0,20200227,20200527
353,1,1,1,1,1,0,0,20200227,20200527
354,0,0,0,0,0,1,0,20200227,20200527
357,1,1,1,1,1,0,0,20200227,20200527
358,1,1,1,1,1,0,0,20200227,20200527
359,1,1,1,1,1,0,0,20200227,20200527
360,1,1,1,1,1,0,0,20200227,20200527
361,1,1,1,1,1,0,0,20200227,20200527
362,1,1,1,1,1,0,0,20200227,20200527
363,0,0,0,0,1,0,0,20200227,20200527
364,0,0,0,0,1,0,0,20200227,20200527
365,0,0,0,0,1,0,0,20200227,20200527
366,0,0,0,0,1,0,0,20200227,20200527
367,0,0,0,0,1,0,0,20200227,20200527
368,0,0,0,0,1,0,0,20200227,20200527
369,0,0,0,0,0,1,0,20200227,20200527
370,0,0,0,0,0,1,0,20200227,20200527
371,0,0,0,0,0,1,0,20200227,20200527
372,0,0,0,0,0,1,0,20200227,20200527
373,0,0,0,0,0,1,0,20200227,20200527
374,0,0,0,0,0,1,0,20200227,20200527
375,0,0,0,0,0,0,1,20200227,20200527
376,0,0,0,0,0,0,1,20200227,20200527
377,0,0,0,0,0,0,1,20200227,20200527
378,0,0,0,0,0,0,1,20200227,20200527
379,0,0,0,0,0,0,1,20200227,20200527
380,0,0,0,0,0,0,1,20200227,20200527
394,0,0,0,0,0,0,0,20200227,20200527
395,0,0,0,0,0,0,0,20200227,20200527
396,0,0,0,0,0,0,0,20200227,20200527
397,0,0,0,0,0,0,0,20200227,20200527
413,0,0,0,0,0,0,0,20200227,20200527
414,1,0,1,0,1,0,0,20200227,20200527
415,0,0,0,0,0,0,0,20200227,20200527
444,0,1,0,1,0,0,0,20200227,20200527
451,0,0,0,0,0,1,0,20200227,20200527
452,0,0,0,0,0,1,0,20200227,20200527
453,0,0,0,0,0,1,0,20200227,20200527
454,0,0,0,0,0,1,0,20200227,20200527
455,0,0,0,0,0,1,0,20200227,20200527
458,0,0,0,0,0,1,0,20200227,20200527
460,0,0,0,0,0,1,0,20200227,20200527
464,0,0,0,0,0,1,0,20200227,20200527
468,0,0,0,0,0,0,1,20200227,20200527
469,0,0,0,0,0,0,1,20200227,20200527
S48012_15,1,1,1,1,1,0,0,20200227,20200229
S68509_15,1,1,1,1,1,0,0,20200301,20200527
S48013_40,1,1,1,0,1,0,0,20200227,20200229
S68510_40,1,1,1,0,1,0,0,20200301,20200527
S50540_35,0,0,0,1,0,0,0,20200227,20200229
S68511_35,0,0,0,1,0,0,0,20200301,20200527
S48015_35,0,0,0,1,0,0,0,20200227,20200229
S68512_35,0,0,0,1,0,0,0,20200301,20200527
S48016_15,1,1,1,1,1,0,0,20200227,20200229
S68513_15,1,1,1,1,1,0,0,20200301,20200527
S48017_40,1,1,1,0,1,0,0,20200227,20200229
S68514_40,1,1,1,0,1,0,0,20200301,20200527
S48018_15,1,1,1,1,1,0,0,20200227,20200229
S68515_15,1,1,1,1,1,0,0,20200301,20200527
S50541_35,0,0,0,1,0,0,0,20200227,20200229
S68516_35,0,0,0,1,0,0,0,20200301,20200527
S48020_15,1,1,1,1,1,0,0,20200227,20200229
S68517_15,1,1,1,1,1,0,0,20200301,20200527
S48021_40,1,1,1,0,1,0,0,20200227,20200229
S68518_40,1,1,1,0,1,0,0,20200301,20200527
S48031_15,1,1,1,1,1,0,0,20200227,20200229
S68528_15,1,1,1,1,1,0,0,20200301,20200527
S48032_15,1,1,1,1,1,0,0,20200227,20200229
S68529_15,1,1,1,1,1,0,0,20200301,20200527
S48033_15,1,1,1,1,1,0,0,20200227,20200229
S68530_15,1,1,1,1,1,0,0,20200301,20200527
S57088_15,1,1,1,1,1,0,0,20200227,20200229
S68531_15,1,1,1,1,1,0,0,20200301,20200527
S48035_40,1,1,1,0,1,0,0,20200227,20200229
S68532_40,1,1,1,0,1,0,0,20200301,20200527
S48036_35,0,0,0,1,0,0,0,20200227,20200229
S68533_35,0,0,0,1,0,0,0,20200301,20200527
S48037_35,0,0,0,1,0,0,0,20200227,20200229
S68534_35,0,0,0,1,0,0,0,20200301,20200527
S50542_35,0,0,0,1,0,0,0,20200227,20200229
S68535_35,0,0,0,1,0,0,0,20200301,20200527
S48039_15,1,1,1,1,1,0,0,20200227,20200229
S68536_15,1,1,1,1,1,0,0,20200301,20200527
S50545_35,0,0,0,1,0,0,0,20200227,20200229
S68537_35,0,0,0,1,0,0,0,20200301,20200527
S49813_32,1,1,1,1,1,0,0,20200227,20200229
S49813_14,0,0,0,0,0,1,0,20200227,20200229
S68538_32,1,1,1,1,1,0,0,20200301,20200527
S68538_14,0,0,0,0,0,1,0,20200301,20200527
S49814_32,1,1,1,1,1,0,0,20200227,20200229
S49814_14,0,0,0,0,0,1,0,20200227,20200229
S68539_32,1,1,1,1,1,0,0,20200301,20200527
S68539_14,0,0,0,0,0,1,0,20200301,20200527
S58930_32,1,1,1,1,1,0,0,20200227,20200229
S58930_14,0,0,0,0,0,1,0,20200227,20200229
S68540_32,1,1,1,1,1,0,0,20200301,20200527
S68540_14,0,0,0,0,0,1,0,20200301,20200527
S38030_32,1,1,1,1,1,0,0,20200227,20200229
S68541_32,1,1,1,1,1,0,0,20200301,20200527
S45407_25,0,0,0,1,0,0,0,20200227,20200229
S68542_25,0,0,0,1,0,0,0,20200301,20200527
S45408_25,0,0,0,1,0,0,0,20200227,20200229
S68543_25,0,0,0,1,0,0,0,20200301,20200527
S45406_25,0,0,0,1,0,0,0,20200227,20200229
S68544_25,0,0,0,1,0,0,0,20200301,20200527
S45409_25,0,0,0,1,0,0,0,20200227,20200229
S68545_25,0,0,0,1,0,0,0,20200301,20200527
S45410_14,0,0,0,0,0,1,0,20200227,20200229
S68546_14,0,0,0,0,0,1,0,20200301,20200527
S45411_14,0,0,0,0,0,1,0,20200227,20200229
S68547_14,0,0,0,0,0,1,0,20200301,20200527
S45412_14,0,0,0,0,0,1,0,20200227,20200229
S68548_14,0,0,0,0,0,1,0,20200301,20200527
S45413_14,0,0,0,0,0,1,0,20200227,20200229
S68549_14,0,0,0,0,0,1,0,20200301,20200527
S69252_32,1,1,1,1,1,0,0,20200308,20200527
S69252_14,0,0,0,0,0,1,0,20200308,20200527
S67639_32,1,1,1,1,1,0,0,20200227,20200307
S69253_32,1,1,1,1,1,0,0,20200308,20200527
S67640_32,1,1,1,1,1,0,0,20200227,20200307
S69254_32,1,1,1,1,1,0,0,20200308,20200527
S67641_32,1,1,1,1,1,0,0,20200227,20200307
S67641_14,0,0,0,0,0,1,0,20200227,20200307
S67641_21,0,0,0,0,0,0,1,20200227,20200307
S69255_32,1,1,1,1,1,0,0,20200308,20200527
S69255_14,0,0,0,0,0,1,0,20200308,20200527
S69255_21,0,0,0,0,0,0,1,20200308,20200527
S67648_32,1,1,1,1,1,0,0,20200227,20200307
S67648_14,0,0,0,0,0,1,0,20200227,20200307
S67648_13,1,1,1,1,1,0,0,20200227,20200307
S67648_15,1,1,1,1,1,0,0,20200227,20200307
S67648_21,0,0,0,0,0,0,1,20200227,20200307
S69256_32,1,1,1,1,1,0,0,20200308,20200527
S69256_14,0,0,0,0,0,1,0,20200308,20200527
S69256_21,0,0,0,0,0,0,1,20200308,20200527
S67634_32,1,1,1,1,1,0,0,20200227,20200307
S67634_14,0,0,0,0,0,1,0,20200227,20200307
S67634_21,0,0,0,0,0,0,1,20200227,20200307
S69257_32,1,1,1,1,1,0,0,20200308,20200527
S69257_14,0,0,0,0,0,1,0,20200308,20200527
S69257_21,0,0,0,0,0,0,1,20200308,20200527
S67636_32,1,1,1,1,1,0,0,20200227,20200307
S67636_14,0,0,0,0,0,1,0,20200227,20200307
S67636_21,0,0,0,0,0,0,1,20200227,20200307
S69258_32,1,1,1,1,1,0,0,20200308,20200527
S69258_14,0,0,0,0,0,1,0,20200308,20200527
S69258_21,0,0,0,0,0,0,1,20200308,20200527
S67653_32,1,1,1,1,1,0,0,20200227,20200307
S67653_14,0,0,0,0,0,1,0,20200227,20200307
S67653_13,1,1,1,1,1,0,0,20200227,20200307
S67653_21,0,0,0,0,0,0,1,20200227,20200307
S69259_32,1,1,1,1,1,0,0,20200308,20200527
S69259_14,0,0,0,0,0,1,0,20200308,20200527
S69259_13,1,1,1,1,1,0,0,20200308,20200527
S69259_21,0,0,0,0,0,0,1,20200308,20200527
S67666_32,1,1,1,1,1,0,0,20200227,20200307
S67666_14,0,0,0,0,0,1,0,20200227,20200307
S67666_21,0,0,0,0,0,0,1,20200227,20200307
S69260_32,1,1,1,1,1,0,0,20200308,20200527
S69260_14,0,0,0,0,0,1,0,20200308,20200527
S69260_21,0,0,0,0,0,0,1,20200308,20200527
S67654_32,1,1,1,1,1,0,0,20200227,20200307
S69261_32,1,1,1,1,1,0,0,20200308,20200527
S67655_32,1,1,1,1,1,0,0,20200227,20200307
S69262_32,1,1,1,1,1,0,0,20200308,20200527
S67841_32,1,1,1,1,1,0,0,20200227,20200307
S67841_14,0,0,0,0,0,1,0,20200227,20200307
S67841_21,0,0,0,0,0,0,1,20200227,20200307
S69263_32,1,1,1,1,1,0,0,20200308,20200527
S69263_14,0,0,0,0,0,1,0,20200308,20200527
S69263_21,0,0,0,0,0,0,1,20200308,20200527
S67839_32,1,1,1,1,1,0,0,20200227,20200307
S67839_14,0,0,0,0,0,1,0,20200227,20200307
S67839_21,0,0,0,0,0,0,1,20200227,20200307
S69264_32,1,1,1,1,1,0,0,20200308,20200527
S69264_14,0,0,0,0,0,1,0,20200308,20200527
S69264_21,0,0,0,0,0,0,1,20200308,20200527
S67714_32,1,1,1,1,1,0,0,20200227,20200307
S67714_14,0,0,0,0,0,1,0,20200227,20200307
S67714_21,0,0,0,0,0,0,1,20200227,20200307
S69267_32,1,1,1,1,1,0,0,20200308,20200527
S69267_14,0,0,0,0,0,1,0,20200308,20200527
S69267_21,0,0,0,0,0,0,1,20200308,20200527
S67717_15,1,1,1,1,1,0,0,20200227,20200307
S69268_15,1,1,1,1,1,0,0,20200308,20200527
S67719_14,0,0,0,0,0,1,0,20200227,20200307
S67719_21,0,0,0,0,0,0,1,20200227,20200307
S69270_32,1,1,1,1,1,0,0,20200308,20200527
S69270_14,0,0,0,0,0,1,0,20200308,20200527
S69270_21,0,0,0,0,0,0,1,20200308,20200527
S67722_32,1,1,1,1,1,0,0,20200227,20200307
S67722_14,0,0,0,0,0,1,0,20200227,20200307
S67722_21,0,0,0,0,0,0,1,20200227,20200307
S69271_32,1,1,1,1,1,0,0,20200308,20200527
S69271_14,0,0,0,0,0,1,0,20200308,20200527
S69271_21,0,0,0,0,0,0,1,20200308,20200527
S67724_32,1,1,1,1,1,0,0,20200227,20200307
S67724_14,0,0,0,0,0,1,0,20200227,20200307
S67724_15,1,1,1,1,1,0,0,20200227,20200307
S67724_21,0,0,0,0,0,0,1,20200227,20200307
S69272_32,1,1,1,1,1,0,0,20200308,20200527
S69272_14,0,0,0,0,0,1,0,20200308,20200527
S69272_21,0,0,0,0,0,0,1,20200308,20200527
S67728_15,1,1,1,1,1,0,0,20200227,20200307
S69273_15,1,1,1,1,1,0,0,20200308,20200527
S67729_32,1,1,1,1,1,0,0,20200227,20200307
S67729_14,0,0,0,0,0,1,0,20200227,20200307
S67729_21,0,0,0,0,0,0,1,20200227,20200307
S69274_32,1,1,1,1,1,0,0,20200308,20200527
S69274_14,0,0,0,0,0,1,0,20200308,20200527
S69274_21,0,0,0,0,0,0,1,20200308,20200527
S67730_32,1,1,1,1,1,0,0,20200227,20200307
S67730_14,0,0,0,0,0,1,0,20200227,20200307
S67730_21,0,0,0,0,0,0,1,20200227,20200307
S69275_32,1,1,1,1,1,0,0,20200308,20200527
S69275_14,0,0,0,0,0,1,0,20200308,20200527
S69275_21,0,0,0,0,0,0,1,20200308,20200527
S69276_14,0,0,0,0,0,1,0,20200308,20200527
S67732_32,1,1,1,1,1,0,0,20200227,20200307
S67732_13,1,1,1,1,1,0,0,20200227,20200307
S67732_14,0,0,0,0,0,1,0,20200227,20200307
S67732_21,0,0,0,0,0,0,1,20200227,20200307
S69277_32,1,1,1,1,1,0,0,20200308,20200527
S69277_13,1,1,1,1,1,0,0,20200308,20200527
S69277_14,0,0,0,0,0,1,0,20200308,20200527
S69277_21,0,0,0,0,0,0,1,20200308,20200527
S67736_15,1,1,1,1,1,0,0,20200227,20200307
S69278_15,1,1,1,1,1,0,0,20200308,20200527
S67737_15,1,1,1,1,1,0,0,20200227,20200307
S69279_15,1,1,1,1,1,0,0,20200308,20200527
S67738_15,1,1,1,1,1,0,0,20200227,20200307
S69280_15,1,1,1,1,1,0,0,20200308,20200527
S67740_15,1,1,1,1,1,0,0,20200227,20200307
S69281_15,1,1,1,1,1,0,0,20200308,20200527
S67741_15,1,1,1,1,1,0,0,20200227,20200307
S69282_15,1,1,1,1,1,0,0,20200308,20200527
S67743_32,1,1,1,1,1,0,0,20200227,20200307
S67743_13,1,1,1,1,1,0,0,20200227,20200307
S67743_14,0,0,0,0,0,1,0,20200227,20200307
S67743_21,0,0,0,0,0,0,1,20200227,20200307
S69283_32,1,1,1,1,1,0,0,20200308,20200527
S69283_13,1,1,1,1,1,0,0,20200308,20200527
S69283_14,0,0,0,0,0,1,0,20200308,20200527
S69283_21,0,0,0,0,0,0,1,20200308,20200527
S67746_15,1,1,1,1,1,0,0,20200227,20200307
S69284_15,1,1,1,1,1,0,0,20200308,20200527
S67747_15,1,1,1,1,1,0,0,20200227,20200307
S69285_15,1,1,1,1,1,0,0,20200308,20200527
S67672_32,1,1,1,1,1,0,0,20200227,20200307
S67672_13,1,1,1,1,1,0,0,20200227,20200307
S67672_14,0,0,0,0,0,1,0,20200227,20200307
S67672_21,0,0,0,0,0,0,1,20200227,20200307
S69286_32,1,1,1,1,1,0,0,20200308,20200527
S69286_13,1,1,1,1,1,0,0,20200308,20200527
S69286_14,0,0,0,0,0,1,0,20200308,20200527
S69286_21,0,0,0,0,0,0,1,20200308,20200527
S67676_15,1,1,1,1,1,0,0,20200227,20200307
S69287_15,1,1,1,1,1,0,0,20200308,20200527
S67678_32,1,1,1,1,1,0,0,20200227,20200307
S67678_13,1,1,1,1,1,0,0,20200227,20200307
S67678_14,0,0,0,0,0,1,0,20200227,20200307
S67678_21,0,0,0,0,0,0,1,20200227,20200307
S69288_32,1,1,1,1,1,0,0,20200308,20200527
S69288_14,0,0,0,0,0,1,0,20200308,20200527
S69288_13,1,1,1,1,1,0,0,20200308,20200527
S69288_21,0,0,0,0,0,0,1,20200308,20200527
S67679_15,1,1,1,1,1,0,0,20200227,20200307
S69289_15,1,1,1,1,1,0,0,20200308,20200527
S67681_42,1,1,0,1,1,0,0,20200227,20200307
S67681_32,1,1,1,1,1,0,0,20200227,20200307
S67681_19,0,0,1,0,0,0,0,20200227,20200307
S67681_13,1,1,1,1,1,0,0,20200227,20200307
S67681_14,0,0,0,0,0,1,0,20200227,20200307
S67681_21,0,0,0,0,0,0,1,20200227,20200307
S69290_42,1,1,0,1,1,0,0,20200308,20200527
S69290_32,1,1,1,1,1,0,0,20200308,20200527
S69290_19,0,0,1,0,0,0,0,20200308,20200527
S69290_13,1,1,1,1,1,0,0,20200308,20200527
S69290_14,0,0,0,0,0,1,0,20200308,20200527
S69290_21,0,0,0,0,0,0,1,20200308,20200527
S67683_15,1,1,1,1,1,0,0,20200227,20200307
S69291_15,1,1,1,1,1,0,0,20200308,20200527
S67686_32,1,1,1,1,1,0,0,20200227,20200307
S67686_13,1,1,1,1,1,0,0,20200227,20200307
S67686_14,0,0,0,0,0,1,0,20200227,20200307
S67686_21,0,0,0,0,0,0,1,20200227,20200307
S69292_32,1,1,1,1,1,0,0,20200308,20200527
S69292_13,1,1,1,1,1,0,0,20200308,20200527
S69292_14,0,0,0,0,0,1,0,20200308,20200527
S69292_21,0,0,0,0,0,0,1,20200308,20200527
S67687_15,1,1,1,1,1,0,0,20200227,20200307
S69293_15,1,1,1,1,1,0,0,20200308,20200527
S69294_32,1,1,1,1,1,0,0,20200308,20200527
S69305_15,1,1,1,1,1,0,0,20200308,20200527
S69306_32,1,1,1,1,1,0,0,20200308,20200527
S69308_32,1,1,1,1,1,0,0,20200308,20200527
S69308_14,0,0,0,0,0,1,0,20200308,20200527
S69308_13,1,1,1,1,1,0,0,20200308,20200527
S69308_21,0,0,0,0,0,0,1,20200308,20200527
S69310_42,1,1,0,1,1,0,0,20200308,20200527
S48026_40,1,1,1,0,1,0,0,20200227,20200229
S68519_40,1,1,1,0,1,0,0,20200301,20200527
S48027_15,1,1,1,1,1,0,0,20200227,20200229
S68520_15,1,1,1,1,1,0,0,20200301,20200527
S48028_15,1,1,1,1,1,0,0,20200227,20200229
S68521_15,1,1,1,1,1,0,0,20200301,20200527
S50544_35,0,0,0,1,0,0,0,20200227,20200229
S68522_35,0,0,0,1,0,0,0,20200301,20200527
S48030_15,1,1,1,1,1,0,0,20200227,20200229
S68523_15,1,1,1,1,1,0,0,20200301,20200527
S48022_35,0,0,0,1,0,0,0,20200227,20200229
S68524_35,0,0,0,1,0,0,0,20200301,20200527
S48023_15,1,1,1,1,1,0,0,20200227,20200229
S68525_15,1,1,1,1,1,0,0,20200301,20200527
S50543_35,0,0,0,1,0,0,0,20200227,20200229
S68526_35,0,0,0,1,0,0,0,20200301,20200527
S48025_15,1,1,1,1,1,0,0,20200227,20200229
S68527_15,1,1,1,1,1,0,0,20200301,20200527
S63629_32,1,1,1,1,1,0,0,20200227,20200307
S69389_15,1,1,1,1,1,0,0,20200308,20200527
S67688_32,1,1,1,1,1,0,0,20200227,20200307
S67688_14,0,0,0,0,0,1,0,20200227,20200307
S67688_21,0,0,0,0,0,0,1,20200227,20200307
S67688_15,1,1,1,1,1,0,0,20200227,20200307
S69390_32,1,1,1,1,1,0,0,20200308,20200527
S69390_14,0,0,0,0,0,1,0,20200308,20200527
S69390_21,0,0,0,0,0,0,1,20200308,20200527
S67690_32,1,1,1,1,1,0,0,20200227,20200307
S67690_14,0,0,0,0,0,1,0,20200227,20200307
S67690_21,0,0,0,0,0,0,1,20200227,20200307
S69391_32,1,1,1,1,1,0,0,20200308,20200527
S69391_14,0,0,0,0,0,1,0,20200308,20200527
S69391_21,0,0,0,0,0,0,1,20200308,20200527
S63630_14,0,0,0,0,0,1,0,20200227,20200307
S63630_21,0,0,0,0,0,0,1,20200227,20200307
S63632_14,0,0,0,0,0,1,0,20200227,20200307
S63632_21,0,0,0,0,0,0,1,20200227,20200307
S66807_32,1,1,1,1,1,0,0,20200227,20200307
S67631_32,1,1,1,1,1,0,0,20200227,20200307
S67631_13,1,1,1,1,1,0,0,20200227,20200307
S67635_15,1,1,1,1,1,0,0,20200227,20200307
S67637_15,1,1,1,1,1,0,0,20200227,20200307
S67642_15,1,1,1,1,1,0,0,20200227,20200307
S67647_32,1,1,1,1,1,0,0,20200227,20200307
S67647_14,0,0,0,0,0,1,0,20200227,20200307
S67647_21,0,0,0,0,0,0,1,20200227,20200307
S67649_15,1,1,1,1,1,0,0,20200227,20200307
S67632_32,1,1,1,1,1,0,0,20200227,20200307
S67643_32,1,1,1,1,1,0,0,20200227,20200307
S67651_32,1,1,1,1,1,0,0,20200227,20200307
S67633_32,1,1,1,1,1,0,0,20200227,20200307
S67670_32,1,1,1,1,1,0,0,20200227,20200307
S67670_21,0,0,0,0,0,0,1,20200227,20200307
S67731_15,1,1,1,1,1,0,0,20200227,20200307
S69296_32,1,1,1,1,1,0,0,20200308,20200527
S69296_13,1,1,1,1,1,0,0,20200308,20200527
S69298_32,1,1,1,1,1,0,0,20200308,20200527
S69298_13,1,1,1,1,1,0,0,20200308,20200527
S69298_14,0,0,0,0,0,1,0,20200308,20200527
S69298_21,0,0,0,0,0,0,1,20200308,20200527
S69301_19,0,0,1,0,0,0,0,20200308,20200527
S69301_15,1,1,1,1,1,0,0,20200308,20200527
S69303_41,1,0,1,1,1,0,0,20200308,20200527
S69304_15,1,1,1,1,1,0,0,20200308,20200527
S69313_15,1,1,1,1,1,0,0,20200308,20200527
S64184_32,1,1,1,1,1,0,0,20200227,20200307
S64184_14,0,0,0,0,0,1,0,20200227,20200307
S64184_13,1,1,1,1,1,0,0,20200227,20200307
S64184_21,0,0,0,0,0,0,1,20200227,20200307
S70030_32,1,1,1,1,1,0,0,20200308,20200527
S70030_14,0,0,0,0,0,1,0,20200308,20200527
S70030_13,1,1,1,1,1,0,0,20200308,20200527
S70030_21,0,0,0,0,0,0,1,20200308,20200527
S64908_15,1,1,1,1,1,0,0,20200227,20200307
S70087_15,1,1,1,1,1,0,0,20200308,20200527
S64869_32,1,1,1,1,1,0,0,20200227,20200307
S64869_14,0,0,0,0,0,1,0,20200227,20200307
S64869_13,1,1,1,1,1,0,0,20200227,20200307
S64869_21,0,0,0,0,0,0,1,20200227,20200307
S68963_32,1,1,1,1,1,0,0,20200308,20200527
S68963_14,0,0,0,0,0,1,0,20200308,20200527
S68963_21,0,0,0,0,0,0,1,20200308,20200527
S64870_15,1,1,1,1,1,0,0,20200227,20200307
S68964_15,1,1,1,1,1,0,0,20200308,20200527
S64871_32,1,1,1,1,1,0,0,20200227,20200307
S68965_32,1,1,1,1,1,0,0,20200308,20200527
S68965_14,0,0,0,0,0,1,0,20200308,20200527
S68965_21,0,0,0,0,0,0,1,20200308,20200527
S64872_15,1,1,1,1,1,0,0,20200227,20200307
S68966_15,1,1,1,1,1,0,0,20200308,20200527
S64865_32,1,1,1,1,1,0,0,20200227,20200307
S64865_14,0,0,0,0,0,1,0,20200227,20200307
S64865_13,1,1,1,1,1,0,0,20200227,20200307
S64865_21,0,0,0,0,0,0,1,20200227,20200307
S68967_32,1,1,1,1,1,0,0,20200308,20200527
S68967_14,0,0,0,0,0,1,0,20200308,20200527
S68967_21,0,0,0,0,0,0,1,20200308,20200527
S64866_15,1,1,1,1,1,0,0,20200227,20200307
S68968_15,1,1,1,1,1,0,0,20200308,20200527
S64867_32,1,1,1,1,1,0,0,20200227,20200307
S68969_32,1,1,1,1,1,0,0,20200308,20200527
S64868_15,1,1,1,1,1,0,0,20200227,20200307
S68970_15,1,1,1,1,1,0,0,20200308,20200527
S67748_32,1,1,1,1,1,0,0,20200227,20200307
S67750_32,1,1,1,1,1,0,0,20200227,20200307
S69467_32,1,1,1,1,1,0,0,20200308,20200527
S63650_32,1,1,1,1,1,0,0,20200227,20200307
S65328_32,1,1,1,1,1,0,0,20200227,20200307
S69160_32,1,1,1,1,1,0,0,20200308,20200527
S65329_32,1,1,1,1,1,0,0,20200227,20200307
S69161_32,1,1,1,1,1,0,0,20200308,20200527
S63628_32,1,1,1,1,1,0,0,20200227,20200307
S69162_32,1,1,1,1,1,0,0,20200308,20200527
S63631_32,1,1,1,1,1,0,0,20200227,20200307
S69164_32,1,1,1,1,1,0,0,20200308,20200527
S63633_32,1,1,1,1,1,0,0,20200227,20200307
S63633_14,0,0,0,0,0,1,0,20200227,20200307
S63633_21,0,0,0,0,0,0,1,20200227,20200307
S69165_32,1,1,1,1,1,0,0,20200308,20200527
S69165_14,0,0,0,0,0,1,0,20200308,20200527
S69165_21,0,0,0,0,0,0,1,20200308,20200527
S63634_32,1,1,1,1,1,0,0,20200227,20200307
S63634_14,0,0,0,0,0,1,0,20200227,20200307
S63634_21,0,0,0,0,0,0,1,20200227,20200307
S69166_32,1,1,1,1,1,0,0,20200308,20200527
S69166_14,0,0,0,0,0,1,0,20200308,20200527
S69166_21,0,0,0,0,0,0,1,20200308,20200527
S69572_15,1,1,1,1,1,0,0,20200308,20200527
S63657_15,1,1,1,1,1,0,0,20200227,20200307
S63652_15,1,1,1,1,1,0,0,20200227,20200307
S63659_32,1,1,1,1,1,0,0,20200227,20200307
S63659_14,0,0,0,0,0,1,0,20200227,20200307
S63655_32,1,1,1,1,1,0,0,20200227,20200307
S63655_14,0,0,0,0,0,1,0,20200227,20200307
S69556_32,1,1,1,1,1,0,0,20200308,20200527
S69556_14,0,0,0,0,0,1,0,20200308,20200527
S69556_13,1,1,1,1,1,0,0,20200308,20200527
S69556_21,0,0,0,0,0,0,1,20200308,20200527
S69557_32,1,1,1,1,1,0,0,20200308,20200527
S69557_14,0,0,0,0,0,1,0,20200308,20200527
S69558_32,1,1,1,1,1,0,0,20200308,20200527
S69558_14,0,0,0,0,0,1,0,20200308,20200527
S69558_13,1,1,1,1,1,0,0,20200308,20200527
S69558_21,0,0,0,0,0,0,1,20200308,20200527
S69559_14,0,0,0,0,0,1,0,20200308,20200527
S69560_32,1,1,1,1,1,0,0,20200308,20200527
S69560_14,0,0,0,0,0,1,0,20200308,20200527
S69560_13,1,1,1,1,1,0,0,20200308,20200527
S69560_21,0,0,0,0,0,0,1,20200308,20200527
S69560_15,1,1,1,1,1,0,0,20200308,20200527
S69561_32,1,1,1,1,1,0,0,20200308,20200527
S69561_14,0,0,0,0,0,1,0,20200308,20200527
S69561_13,1,1,1,1,1,0,0,20200308,20200527
S69561_15,1,1,1,1,1,0,0,20200308,20200527
S69561_21,0,0,0,0,0,0,1,20200308,20200527
S69562_32,1,1,1,1,1,0,0,20200308,20200527
S69563_15,1,1,1,1,1,0,0,20200308,20200527
S69564_15,1,1,1,1,1,0,0,20200308,20200527
S69565_15,1,1,1,1,1,0,0,20200308,20200527
S69566_32,1,1,1,1,1,0,0,20200308,20200527
S69567_15,1,1,1,1,1,0,0,20200308,20200527
S69568_32,1,1,1,1,1,0,0,20200308,20200527
S69569_32,1,1,1,1,1,0,0,20200308,20200527
S69570_15,1,1,1,1,1,0,0,20200308,20200527
S69573_15,1,1,1,1,1,0,0,20200308,20200527
S69195_32,1,1,1,1,1,0,0,20200308,20200527
S69195_14,0,0,0,0,0,1,0,20200308,20200527
S69195_21,0,0,0,0,0,0,1,20200308,20200527
S69196_32,1,1,1,1,1,0,0,20200308,20200527
S69196_14,0,0,0,0,0,1,0,20200308,20200527
S69196_21,0,0,0,0,0,0,1,20200308,20200527
S67613_15,1,1,1,1,1,0,0,20200227,20200307
S67620_15,1,1,1,1,1,0,0,20200227,20200307
S70256_15,1,1,1,1,1,0,0,20200308,20200527
S64873_32,1,1,1,1,1,0,0,20200227,20200307
S64873_14,0,0,0,0,0,1,0,20200227,20200307
S64873_21,0,0,0,0,0,0,1,20200227,20200307
S68955_32,1,1,1,1,1,0,0,20200308,20200527
S68955_14,0,0,0,0,0,1,0,20200308,20200527
S68955_21,0,0,0,0,0,0,1,20200308,20200527
S64874_32,1,1,1,1,1,0,0,20200227,20200307
S68956_32,1,1,1,1,1,0,0,20200308,20200527
S64875_15,1,1,1,1,1,0,0,20200227,20200307
S68957_15,1,1,1,1,1,0,0,20200308,20200527
S64876_32,1,1,1,1,1,0,0,20200227,20200307
S64876_14,0,0,0,0,0,1,0,20200227,20200307
S64876_21,0,0,0,0,0,0,1,20200227,20200307
S68958_32,1,1,1,1,1,0,0,20200308,20200527
S68958_14,0,0,0,0,0,1,0,20200308,20200527
S68958_21,0,0,0,0,0,0,1,20200308,20200527
S64877_15,1,1,1,1,1,0,0,20200227,20200307
S68959_15,1,1,1,1,1,0,0,20200308,20200527
S64878_32,1,1,1,1,1,0,0,20200227,20200307
S68960_32,1,1,1,1,1,0,0,20200308,20200527
S68960_14,0,0,0,0,0,1,0,20200308,20200527
S64879_32,1,1,1,1,1,0,0,20200227,20200307
S64879_14,0,0,0,0,0,1,0,20200227,20200307
S64879_21,0,0,0,0,0,0,1,20200227,20200307
S68961_32,1,1,1,1,1,0,0,20200308,20200527
S68961_14,0,0,0,0,0,1,0,20200308,20200527
S68961_21,0,0,0,0,0,0,1,20200308,20200527
S64880_32,1,1,1,1,1,0,0,20200227,20200307
S64880_14,0,0,0,0,0,1,0,20200227,20200307
S64880_15,1,1,1,1,1,0,0,20200227,20200307
S64880_21,0,0,0,0,0,0,1,20200227,20200307
S68962_32,1,1,1,1,1,0,0,20200308,20200527
S68962_14,0,0,0,0,0,1,0,20200308,20200527
S68962_15,1,1,1,1,1,0,0,20200308,20200527
S68962_21,0,0,0,0,0,0,1,20200308,20200527
S67644_32,1,1,1,1,1,0,0,20200227,20200307
S69265_32,1,1,1,1,1,0,0,20200308,20200527
S67645_32,1,1,1,1,1,0,0,20200227,20200307
S69266_32,1,1,1,1,1,0,0,20200308,20200527
S63721_32,1,1,1,1,1,0,0,20200227,20200307
S63721_14,0,0,0,0,0,1,0,20200227,20200307
S63721_21,0,0,0,0,0,0,1,20200227,20200307
S70150_32,1,1,1,1,1,0,0,20200308,20200527
S70150_14,0,0,0,0,0,1,0,20200308,20200527
S70150_21,0,0,0,0,0,0,1,20200308,20200527
S63722_32,1,1,1,1,1,0,0,20200227,20200307
S70151_32,1,1,1,1,1,0,0,20200308,20200527
S63723_15,1,1,1,1,1,0,0,20200227,20200307
S70152_15,1,1,1,1,1,0,0,20200308,20200527
S63716_32,1,1,1,1,1,0,0,20200227,20200307
S63716_14,0,0,0,0,0,1,0,20200227,20200307
S63716_21,0,0,0,0,0,0,1,20200227,20200307
S70153_32,1,1,1,1,1,0,0,20200308,20200527
S70153_14,0,0,0,0,0,1,0,20200308,20200527
S70153_21,0,0,0,0,0,0,1,20200308,20200527
S63717_32,1,1,1,1,1,0,0,20200227,20200307
S70154_32,1,1,1,1,1,0,0,20200308,20200527
S63724_32,1,1,1,1,1,0,0,20200227,20200307
S63724_14,0,0,0,0,0,1,0,20200227,20200307
S70155_32,1,1,1,1,1,0,0,20200308,20200527
S70155_14,0,0,0,0,0,1,0,20200308,20200527
S63725_32,1,1,1,1,1,0,0,20200227,20200307
S63725_13,1,1,1,1,1,0,0,20200227,20200307
S70156_32,1,1,1,1,1,0,0,20200308,20200527
S70156_13,1,1,1,1,1,0,0,20200308,20200527
S63726_15,1,1,1,1,1,0,0,20200227,20200307
S70157_15,1,1,1,1,1,0,0,20200308,20200527
S63718_32,1,1,1,1,1,0,0,20200227,20200307
S63718_14,0,0,0,0,0,1,0,20200227,20200307
S70158_32,1,1,1,1,1,0,0,20200308,20200527
S70158_14,0,0,0,0,0,1,0,20200308,20200527
S63719_32,1,1,1,1,1,0,0,20200227,20200307
S70159_32,1,1,1,1,1,0,0,20200308,20200527
S70241_32,1,1,1,1,1,0,0,20200227,20200307
S70241_13,1,1,1,1,1,0,0,20200227,20200307
S70241_14,0,0,0,0,0,1,0,20200227,20200307
S70241_21,0,0,0,0,0,0,1,20200227,20200307
S70242_15,1,1,1,1,1,0,0,20200227,20200307
S70243_15,1,1,1,1,1,0,0,20200227,20200307
S70244_15,1,1,1,1,1,0,0,20200227,20200307
S70245_15,1,1,1,1,1,0,0,20200227,20200307
S70246_32,1,1,1,1,1,0,0,20200227,20200307
S70248_32,1,1,1,1,1,0,0,20200227,20200307
S70248_13,1,1,1,1,1,0,0,20200227,20200307
S70248_14,0,0,0,0,0,1,0,20200227,20200307
S70248_21,0,0,0,0,0,0,1,20200227,20200307
S70249_15,1,1,1,1,1,0,0,20200227,20200307
S70250_15,1,1,1,1,1,0,0,20200227,20200307
S70251_32,1,1,1,1,1,0,0,20200227,20200307
S67735_47,1,1,0,1,1,0,0,20200227,20200307
S67735_32,1,1,1,1,1,0,0,20200227,20200307
S67735_19,0,0,1,0,0,0,0,20200227,20200307
S67735_13,1,1,1,1,1,0,0,20200227,20200307
S67735_14,0,0,0,0,0,1,0,20200227,20200307
S70014_32,1,1,1,1,1,0,0,20200308,20200527
S70014_13,1,1,1,1,1,0,0,20200308,20200527
S70014_14,0,0,0,0,0,1,0,20200308,20200527
S67739_42,1,1,0,1,1,0,0,20200227,20200307
S67739_19,0,0,1,0,0,0,0,20200227,20200307
S70015_15,1,1,1,1,1,0,0,20200308,20200527
S67744_62,0,1,0,1,0,0,0,20200227,20200307
S67744_80,1,0,0,0,1,0,0,20200227,20200307
S70016_15,1,1,1,1,1,0,0,20200308,20200527
S67745_32,1,1,1,1,1,0,0,20200227,20200307
S67745_13,1,1,1,1,1,0,0,20200227,20200307
S67745_14,0,0,0,0,0,1,0,20200227,20200307
S67745_15,1,1,1,1,1,0,0,20200227,20200307
S70017_32,1,1,1,1,1,0,0,20200308,20200527
S70017_14,0,0,0,0,0,1,0,20200308,20200527
S69297_42,1,1,0,1,1,0,0,20200308,20200527
S69297_32,1,1,1,1,1,0,0,20200308,20200527
S69297_13,1,1,1,1,1,0,0,20200308,20200527
S69297_14,0,0,0,0,0,1,0,20200308,20200527
S69297_21,0,0,0,0,0,0,1,20200308,20200527
S69299_32,1,1,1,1,1,0,0,20200308,20200527
S69299_14,0,0,0,0,0,1,0,20200308,20200527
S69299_21,0,0,0,0,0,0,1,20200308,20200527
S69300_42,1,1,0,1,1,0,0,20200308,20200527
S69307_42,1,1,0,1,1,0,0,20200308,20200527
S69307_32,1,1,1,1,1,0,0,20200308,20200527
S69307_13,1,1,1,1,1,0,0,20200308,20200527
S69307_14,0,0,0,0,0,1,0,20200308,20200527
S69307_21,0,0,0,0,0,0,1,20200308,20200527
S69309_32,1,1,1,1,1,0,0,20200308,20200527
S69309_14,0,0,0,0,0,1,0,20200308,20200527
S69309_21,0,0,0,0,0,0,1,20200308,20200527
S69311_19,0,0,1,0,0,0,0,20200308,20200527
S69312_15,1,1,1,1,1,0,0,20200308,20200527
S69314_15,1,1,1,1,1,0,0,20200308,20200527
S67718_42,1,1,0,1,1,0,0,20200227,20200307
S70478_15,1,1,1,1,1,0,0,20200308,20200527
S64449_32,1,1,1,1,1,0,0,20200227,20200307
S64449_14,0,0,0,0,0,1,0,20200227,20200307
S64449_21,0,0,0,0,0,0,1,20200227,20200307
S70520_32,1,1,1,1,1,0,0,20200308,20200527
S70520_14,0,0,0,0,0,1,0,20200308,20200527
S70520_21,0,0,0,0,0,0,1,20200308,20200527
S56581_32,1,1,1,1,1,0,0,20200227,20200229
S56581_14,0,0,0,0,0,1,0,20200227,20200229
S70601_32,1,1,1,1,1,0,0,20200301,20200527
S70601_14,0,0,0,0,0,1,0,20200301,20200527
S56582_32,1,1,1,1,1,0,0,20200227,20200229
S56582_14,0,0,0,0,0,1,0,20200227,20200229
S70602_32,1,1,1,1,1,0,0,20200301,20200527
S70602_14,0,0,0,0,0,1,0,20200301,20200527
S56583_14,0,0,0,0,0,1,0,20200227,20200229
S56583_15,1,1,1,1,1,0,0,20200227,20200229
S70603_14,0,0,0,0,0,1,0,20200301,20200527
S70603_15,1,1,1,1,1,0,0,20200301,20200527
S60720_15,1,1,1,1,1,0,0,20200227,20200229
S70604_15,1,1,1,1,1,0,0,20200301,20200527
S70213_32,1,1,1,1,1,0,0,20200227,20200229
S70213_14,0,0,0,0,0,1,0,20200227,20200229
S70605_32,1,1,1,1,1,0,0,20200301,20200527
S70605_14,0,0,0,0,0,1,0,20200301,20200527
S56586_32,1,1,1,1,1,0,0,20200227,20200229
S56586_14,0,0,0,0,0,1,0,20200227,20200229
S70606_32,1,1,1,1,1,0,0,20200301,20200527
S70606_14,0,0,0,0,0,1,0,20200301,20200527
S70214_32,1,1,1,1,1,0,0,20200227,20200229
S70214_14,0,0,0,0,0,1,0,20200227,20200229
S70607_32,1,1,1,1,1,0,0,20200301,20200527
S70607_14,0,0,0,0,0,1,0,20200301,20200527
S70212_15,1,1,1,1,1,0,0,20200227,20200229
S70608_15,1,1,1,1,1,0,0,20200301,20200527
S70215_32,1,1,1,1,1,0,0,20200227,20200229
S70215_14,0,0,0,0,0,1,0,20200227,20200229
S70215_21,0,0,0,0,0,0,1,20200227,20200229
S70609_32,1,1,1,1,1,0,0,20200301,20200527
S70609_14,0,0,0,0,0,1,0,20200301,20200527
S70609_21,0,0,0,0,0,0,1,20200301,20200527
S70216_32,1,1,1,1,1,0,0,20200227,20200229
S70610_32,1,1,1,1,1,0,0,20200301,20200527
S70217_15,1,1,1,1,1,0,0,20200227,20200229
S70611_15,1,1,1,1,1,0,0,20200301,20200527
S70218_13,1,1,1,1,1,0,0,20200227,20200229
S70612_13,1,1,1,1,1,0,0,20200301,20200527
S70219_15,1,1,1,1,1,0,0,20200227,20200229
S70613_15,1,1,1,1,1,0,0,20200301,20200527
S64453_35,0,0,0,1,0,0,0,20200227,20200229
S64453_40,1,1,1,0,1,0,0,20200227,20200229
S64453_32,1,1,1,1,1,0,0,20200227,20200229
S64453_14,0,0,0,0,0,1,0,20200227,20200229
S64453_13,1,1,1,1,1,0,0,20200227,20200229
S64453_21,0,0,0,0,0,0,1,20200227,20200229
S70615_35,0,0,0,1,0,0,0,20200301,20200527
S70615_40,1,1,1,0,1,0,0,20200301,20200527
S70615_32,1,1,1,1,1,0,0,20200301,20200527
S70615_14,0,0,0,0,0,1,0,20200301,20200527
S70615_13,1,1,1,1,1,0,0,20200301,20200527
S70615_21,0,0,0,0,0,0,1,20200301,20200527
S56576_32,1,1,1,1,1,0,0,20200227,20200229
S70616_32,1,1,1,1,1,0,0,20200301,20200527
S56577_15,1,1,1,1,1,0,0,20200227,20200229
S70617_15,1,1,1,1,1,0,0,20200301,20200527
S56578_15,1,1,1,1,1,0,0,20200227,20200229
S70618_15,1,1,1,1,1,0,0,20200301,20200527
S61963_32,1,1,1,1,1,0,0,20200227,20200229
S61963_14,0,0,0,0,0,1,0,20200227,20200229
S61963_13,1,1,1,1,1,0,0,20200227,20200229
S70619_32,1,1,1,1,1,0,0,20200301,20200527
S70619_14,0,0,0,0,0,1,0,20200301,20200527
S70619_13,1,1,1,1,1,0,0,20200301,20200527
S61964_15,1,1,1,1,1,0,0,20200227,20200229
S70620_15,1,1,1,1,1,0,0,20200301,20200527
S61965_32,1,1,1,1,1,0,0,20200227,20200229
S61965_14,0,0,0,0,0,1,0,20200227,20200229
S70621_32,1,1,1,1,1,0,0,20200301,20200527
S70621_14,0,0,0,0,0,1,0,20200301,20200527
S70221_32,1,1,1,1,1,0,0,20200227,20200229
S70221_14,0,0,0,0,0,1,0,20200227,20200229
S70221_15,1,1,1,1,1,0,0,20200227,20200229
S70622_32,1,1,1,1,1,0,0,20200301,20200527
S70622_14,0,0,0,0,0,1,0,20200301,20200527
S70622_15,1,1,1,1,1,0,0,20200301,20200527
S64910_32,1,1,1,1,1,0,0,20200227,20200307
S64910_14,0,0,0,0,0,1,0,20200227,20200307
S64910_15,1,1,1,1,1,0,0,20200227,20200307
S64910_21,0,0,0,0,0,0,1,20200227,20200307
S69593_32,1,1,1,1,1,0,0,20200308,20200527
S69593_14,0,0,0,0,0,1,0,20200308,20200527
S69593_15,1,1,1,1,1,0,0,20200308,20200527
S69593_21,0,0,0,0,0,0,1,20200308,20200527
S64881_32,1,1,1,1,1,0,0,20200227,20200307
S64881_14,0,0,0,0,0,1,0,20200227,20200307
S64881_21,0,0,0,0,0,0,1,20200227,20200307
S68945_32,1,1,1,1,1,0,0,20200308,20200527
S68945_14,0,0,0,0,0,1,0,20200308,20200527
S68945_21,0,0,0,0,0,0,1,20200308,20200527
S64882_32,1,1,1,1,1,0,0,20200227,20200307
S64882_14,0,0,0,0,0,1,0,20200227,20200307
S64882_21,0,0,0,0,0,0,1,20200227,20200307
S68946_32,1,1,1,1,1,0,0,20200308,20200527
S68946_14,0,0,0,0,0,1,0,20200308,20200527
S68946_21,0,0,0,0,0,0,1,20200308,20200527
S64883_32,1,1,1,1,1,0,0,20200227,20200307
S68947_32,1,1,1,1,1,0,0,20200308,20200527
S64884_32,1,1,1,1,1,0,0,20200227,20200307
S68948_32,1,1,1,1,1,0,0,20200308,20200527
S64885_15,1,1,1,1,1,0,0,20200227,20200307
S68949_15,1,1,1,1,1,0,0,20200308,20200527
S64886_32,1,1,1,1,1,0,0,20200227,20200307
S68950_32,1,1,1,1,1,0,0,20200308,20200527
S64887_15,1,1,1,1,1,0,0,20200227,20200307
S68951_15,1,1,1,1,1,0,0,20200308,20200527
S64888_32,1,1,1,1,1,0,0,20200227,20200307
S64888_14,0,0,0,0,0,1,0,20200227,20200307
S64888_21,0,0,0,0,0,0,1,20200227,20200307
S68952_32,1,1,1,1,1,0,0,20200308,20200527
S68952_14,0,0,0,0,0,1,0,20200308,20200527
S68952_21,0,0,0,0,0,0,1,20200308,20200527
S64889_32,1,1,1,1,1,0,0,20200227,20200307
S64889_14,0,0,0,0,0,1,0,20200227,20200307
S64889_21,0,0,0,0,0,0,1,20200227,20200307
S68953_32,1,1,1,1,1,0,0,20200308,20200527
S68953_14,0,0,0,0,0,1,0,20200308,20200527
S68953_21,0,0,0,0,0,0,1,20200308,20200527
S64890_32,1,1,1,1,1,0,0,20200227,20200307
S64890_14,0,0,0,0,0,1,0,20200227,20200307
S64890_21,0,0,0,0,0,0,1,20200227,20200307
S68954_32,1,1,1,1,1,0,0,20200308,20200527
S68954_14,0,0,0,0,0,1,0,20200308,20200527
S68954_21,0,0,0,0,0,0,1,20200308,20200527
S70222_21,0,0,0,0,0,0,1,20200227,20200229
S70625_21,0,0,0,0,0,0,1,20200301,20200527
S70223_15,1,1,1,1,1,0,0,20200227,20200229
S70626_15,1,1,1,1,1,0,0,20200301,20200527
S70224_32,1,1,1,1,1,0,0,20200227,20200229
S70224_14,0,0,0,0,0,1,0,20200227,20200229
S70627_32,1,1,1,1,1,0,0,20200301,20200527
S70627_14,0,0,0,0,0,1,0,20200301,20200527
S56594_32,1,1,1,1,1,0,0,20200227,20200229
S56594_14,0,0,0,0,0,1,0,20200227,20200229
S70629_32,1,1,1,1,1,0,0,20200301,20200527
S70629_14,0,0,0,0,0,1,0,20200301,20200527
S56595_32,1,1,1,1,1,0,0,20200227,20200229
S70630_32,1,1,1,1,1,0,0,20200301,20200527
S56596_21,0,0,0,0,0,0,1,20200227,20200229
S70631_21,0,0,0,0,0,0,1,20200301,20200527
S56597_15,1,1,1,1,1,0,0,20200227,20200229
S70632_15,1,1,1,1,1,0,0,20200301,20200527
S61261_14,0,0,0,0,0,1,0,20200227,20200229
S70633_14,0,0,0,0,0,1,0,20200301,20200527
S70455_32,1,1,1,1,1,0,0,20200227,20200307
S70455_14,0,0,0,0,0,1,0,20200227,20200307
S70455_21,0,0,0,0,0,0,1,20200227,20200307
S70519_32,1,1,1,1,1,0,0,20200308,20200527
S70519_14,0,0,0,0,0,1,0,20200308,20200527
S70519_21,0,0,0,0,0,0,1,20200308,20200527
S68605_15,1,1,1,1,1,0,0,20200227,20200229
S70700_15,1,1,1,1,1,0,0,20200301,20200527
S70108_429,0,0,0,0,0,1,0,20200227,20200229
S70108_428,0,0,0,0,0,1,0,20200227,20200229
S70106_429,0,0,0,0,0,1,0,20200227,20200229
S70106_428,0,0,0,0,0,1,0,20200227,20200229
S70107_429,0,0,0,0,0,1,0,20200227,20200229
S70107_428,0,0,0,0,0,1,0,20200227,20200229
S69468_32,1,1,1,1,1,0,0,20200308,20200527
S64906_32,1,1,1,1,1,0,0,20200227,20200307
S64906_14,0,0,0,0,0,1,0,20200227,20200307
S64906_21,0,0,0,0,0,0,1,20200227,20200307
S69594_32,1,1,1,1,1,0,0,20200308,20200527
S69594_14,0,0,0,0,0,1,0,20200308,20200527
S69594_21,0,0,0,0,0,0,1,20200308,20200527
S64907_32,1,1,1,1,1,0,0,20200227,20200307
S69595_32,1,1,1,1,1,0,0,20200308,20200527
S70778_468,0,0,0,0,0,0,1,20200301,20200527
S70779_468,0,0,0,0,0,0,1,20200301,20200527
S70780_468,0,0,0,0,0,0,1,20200301,20200527
S70781_468,0,0,0,0,0,0,1,20200301,20200527
S70782_468,0,0,0,0,0,0,1,20200301,20200527
S70783_468,0,0,0,0,0,0,1,20200301,20200527
S68671_15,1,1,1,1,1,0,0,20200227,20200229
S70787_15,1,1,1,1,1,0,0,20200301,20200527
S43617_32,1,1,1,1,1,0,0,20200227,20200229
S70788_32,1,1,1,1,1,0,0,20200301,20200527
S70789_32,1,1,1,1,1,0,0,20200301,20200527
S70684_32,1,1,1,1,1,0,0,20200227,20200229
S70791_471,0,1,1,1,0,0,0,20200301,20200527
S70791_32,1,1,1,1,1,0,0,20200301,20200527
S70791_80,1,0,0,0,1,0,0,20200301,20200527
S64188_15,1,1,1,1,1,0,0,20200227,20200307
S70018_15,1,1,1,1,1,0,0,20200308,20200527
S53904_15,1,1,1,1,1,0,0,20200227,20200307
S70019_15,1,1,1,1,1,0,0,20200308,20200527
S67659_15,1,1,1,1,1,0,0,20200227,20200307
S70148_15,1,1,1,1,1,0,0,20200308,20200527
S63660_32,1,1,1,1,1,0,0,20200227,20200307
S63660_14,0,0,0,0,0,1,0,20200227,20200307
S63660_13,1,1,1,1,1,0,0,20200227,20200307
S69549_32,1,1,1,1,1,0,0,20200308,20200527
S69549_14,0,0,0,0,0,1,0,20200308,20200527
S69549_13,1,1,1,1,1,0,0,20200308,20200527
S63661_32,1,1,1,1,1,0,0,20200227,20200307
S69550_32,1,1,1,1,1,0,0,20200308,20200527
S63662_15,1,1,1,1,1,0,0,20200227,20200307
S69551_15,1,1,1,1,1,0,0,20200308,20200527
S63663_15,1,1,1,1,1,0,0,20200227,20200307
S69552_15,1,1,1,1,1,0,0,20200308,20200527
S63664_15,1,1,1,1,1,0,0,20200227,20200307
S69553_15,1,1,1,1,1,0,0,20200308,20200527
S63649_32,1,1,1,1,1,0,0,20200227,20200307
S63649_14,0,0,0,0,0,1,0,20200227,20200307
S69554_32,1,1,1,1,1,0,0,20200308,20200527
S69554_14,0,0,0,0,0,1,0,20200308,20200527
S63648_32,1,1,1,1,1,0,0,20200227,20200307
S69555_32,1,1,1,1,1,0,0,20200308,20200527
S63656_32,1,1,1,1,1,0,0,20200227,20200307
S63656_14,0,0,0,0,0,1,0,20200227,20200307
S63656_13,1,1,1,1,1,0,0,20200227,20200307
S63656_15,1,1,1,1,1,0,0,20200227,20200307
S63656_21,0,0,0,0,0,0,1,20200227,20200307
S69574_32,1,1,1,1,1,0,0,20200308,20200527
S69574_13,1,1,1,1,1,0,0,20200308,20200527
S69574_15,1,1,1,1,1,0,0,20200308,20200527
S63651_32,1,1,1,1,1,0,0,20200227,20200307
S63651_14,0,0,0,0,0,1,0,20200227,20200307
S63651_13,1,1,1,1,1,0,0,20200227,20200307
S63651_15,1,1,1,1,1,0,0,20200227,20200307
S63651_21,0,0,0,0,0,0,1,20200227,20200307
S69575_32,1,1,1,1,1,0,0,20200308,20200527
S63658_32,1,1,1,1,1,0,0,20200227,20200307
S63658_14,0,0,0,0,0,1,0,20200227,20200307
S63658_21,0,0,0,0,0,0,1,20200227,20200307
S69576_32,1,1,1,1,1,0,0,20200308,20200527
S69576_14,0,0,0,0,0,1,0,20200308,20200527
S69576_21,0,0,0,0,0,0,1,20200308,20200527
S63654_32,1,1,1,1,1,0,0,20200227,20200307
S63654_14,0,0,0,0,0,1,0,20200227,20200307
S63654_21,0,0,0,0,0,0,1,20200227,20200307
S69577_32,1,1,1,1,1,0,0,20200308,20200527
S69577_14,0,0,0,0,0,1,0,20200308,20200527
S69577_21,0,0,0,0,0,0,1,20200308,20200527
S63653_15,1,1,1,1,1,0,0,20200227,20200307
S69578_15,1,1,1,1,1,0,0,20200308,20200527
S70854_429,0,0,0,0,0,1,0,20200301,20200527
S70854_428,0,0,0,0,0,1,0,20200301,20200527
S70855_429,0,0,0,0,0,1,0,20200301,20200527
S70855_428,0,0,0,0,0,1,0,20200301,20200527
S70856_429,0,0,0,0,0,1,0,20200301,20200527
S70856_428,0,0,0,0,0,1,0,20200301,20200527
S70857_429,0,0,0,0,0,1,0,20200301,20200527
S70857_428,0,0,0,0,0,1,0,20200301,20200527
S70858_428,0,0,0,0,0,1,0,20200301,20200527
S70859_429,0,0,0,0,0,1,0,20200301,20200527
S70859_428,0,0,0,0,0,1,0,20200301,20200527
S70860_429,0,0,0,0,0,1,0,20200301,20200527
S70860_428,0,0,0,0,0,1,0,20200301,20200527
S67638_32,1,1,1,1,1,0,0,20200227,20200307
S67638_15,1,1,1,1,1,0,0,20200227,20200307
S67650_32,1,1,1,1,1,0,0,20200227,20200307
S67650_14,0,0,0,0,0,1,0,20200227,20200307
S67650_21,0,0,0,0,0,0,1,20200227,20200307
S69251_32,1,1,1,1,1,0,0,20200308,20200527
S69251_14,0,0,0,0,0,1,0,20200308,20200527
S67675_15,1,1,1,1,1,0,0,20200227,20200307
S70686_23,1,0,0,0,0,0,0,20200227,20200229
S70686_32,1,1,1,1,1,0,0,20200227,20200229
S70871_470,1,1,1,1,1,0,0,20200301,20200527
S70871_23,1,0,0,0,0,0,0,20200301,20200527
S70871_32,1,1,1,1,1,0,0,20200301,20200527
S70687_437,0,0,0,0,0,0,1,20200227,20200229
S70687_23,1,0,0,0,0,0,0,20200227,20200229
S70687_32,1,1,1,1,1,0,0,20200227,20200229
S70687_421,1,1,1,1,1,0,0,20200227,20200229
S70872_437,0,0,0,0,0,0,1,20200301,20200527
S70872_470,1,1,1,1,1,0,0,20200301,20200527
S70872_23,1,0,0,0,0,0,0,20200301,20200527
S70872_32,1,1,1,1,1,0,0,20200301,20200527
S70872_421,1,1,1,1,1,0,0,20200301,20200527
S70646_455,0,0,0,0,0,1,0,20200227,20200229
S70646_453,0,0,0,0,0,1,0,20200227,20200229
S70861_455,0,0,0,0,0,1,0,20200301,20200527
S70861_453,0,0,0,0,0,1,0,20200301,20200527
T1779439,1,1,1,1,1,0,0,20200227,20200527
T1833881,0,0,0,0,0,0,1,20200227,20200527
T1833882,0,0,0,0,0,0,1,20200227,20200527
T1833883,0,0,0,0,0,0,1,20200227,20200527
T1833884,0,0,0,0,0,0,1,20200227,20200527
T1833919,0,0,0,0,0,0,1,20200227,20200527
T1833920,0,0,0,0,0,0,1,20200227,20200527
T1833921,0,0,0,0,0,0,1,20200227,20200527
T1833922,0,0,0,0,0,0,1,20200227,20200527
T1833955,0,0,0,0,0,0,1,20200227,20200527
T1833956,0,0,0,0,0,0,1,20200227,20200527
T1833957,0,0,0,0,0,0,1,20200227,20200527
T1833958,0,0,0,0,0,0,1,20200227,20200527
T1833959,0,0,0,0,0,0,1,20200227,20200527
T1833960,0,0,0,0,0,0,1,20200227,20200527
T1833961,0,0,0,0,0,0,1,20200227,20200527
T1834037,0,0,0,0,0,0,1,20200227,20200527
T1834038,0,0,0,0,0,0,1,20200227,20200527
T1834039,0,0,0,0,0,0,1,20200227,20200527
T1834040,0,0,0,0,0,0,1,20200227,20200527
T1834041,0,0,0,0,0,0,1,20200227,20200527
T1834042,0,0,0,0,0,0,1,20200227,20200527
T1834611,0,0,0,0,0,0,1,20200227,20200527
T1834613,0,0,0,0,0,0,1,20200227,20200527
T1834616,0,0,0,0,0,0,1,20200227,20200527
T1834620,0,0,0,0,0,0,1,20200227,20200527
T1834628,0,0,0,0,0,0,1,20200227,20200527
T1834631,0,0,0,0,0,0,1,20200227,20200527
T1834633,0,0,0,0,0,0,1,20200227,20200527
T1834639,0,0,0,0,0,0,1,20200227,20200527
T1834836,0,0,0,0,0,0,1,20200227,20200527
T1835061,0,0,0,0,0,0,1,20200227,20200527
T1835062,0,0,0,0,0,0,1,20200227,20200527
T1835063,0,0,0,0,0,0,1,20200227,20200527
T1835064,0,0,0,0,0,0,1,20200227,20200527
T1835065,0,0,0,0,0,0,1,20200227,20200527
T1835066,0,0,0,0,0,0,1,20200227,20200527
T1835067,0,0,0,0,0,0,1,20200227,20200527
T1835068,0,0,0,0,0,0,1,20200227,20200527
T1835069,0,0,0,0,0,0,1,20200227,20200527
T1835070,0,0,0,0,0,0,1,20200227,20200527
T1835071,0,0,0,0,0,0,1,20200227,20200527
T1835107,0,0,0,0,0,0,1,20200227,20200527
T1835108,0,0,0,0,0,0,1,20200227,20200527
T1835109,0,0,0,0,0,0,1,20200227,20200527
T1835110,0,0,0,0,0,0,1,20200227,20200527
T1835111,0,0,0,0,0,0,1,20200227,20200527
T1835112,0,0,0,0,0,0,1,20200227,20200527
T1835113,0,0,0,0,0,0,1,20200227,20200527
T1835114,0,0,0,0,0,0,1,20200227,20200527
T1835148,0,0,0,0,0,0,1,20200227,20200527
T1835149,0,0,0,0,0,0,1,20200227,20200527
T1835150,0,0,0,0,0,0,1,20200227,20200527
T1835151,0,0,0,0,0,0,1,20200227,20200527
T1835152,0,0,0,0,0,0,1,20200227,20200527
T1835153,0,0,0,0,0,0,1,20200227,20200527
T1835355,0,0,0,0,0,0,1,20200227,20200527
T1835356,0,0,0,0,0,0,1,20200227,20200527
T1835357,0,0,0,0,0,0,1,20200227,20200527
T1835358,0,0,0,0,0,0,1,20200227,20200527
T1835359,0,0,0,0,0,0,1,20200227,20200527
T1835360,0,0,0,0,0,0,1,20200227,20200527
T1835361,0,0,0,0,0,0,1,20200227,20200527
T1835362,0,0,0,0,0,0,1,20200227,20200527
T1835363,0,0,0,0,0,0,1,20200227,20200527
T1835364,0,0,0,0,0,0,1,20200227,20200527
T1835365,0,0,0,0,0,0,1,20200227,20200527
T1835366,0,0,0,0,0,0,1,20200227,20200527
T1835409,0,0,0,0,0,0,1,20200227,20200527
T1835410,0,0,0,0,0,0,1,20200227,20200527
T1835411,0,0,0,0,0,0,1,20200227,20200527
T1835412,0,0,0,0,0,0,1,20200227,20200527
T1835413,0,0,0,0,0,0,1,20200227,20200527
T1835414,0,0,0,0,0,0,1,20200227,20200527
T1835415,0,0,0,0,0,0,1,20200227,20200527
T1835416,0,0,0,0,0,0,1,20200227,20200527
T1835417,0,0,0,0,0,0,1,20200227,20200527
T1835418,0,0,0,0,0,0,1,20200227,20200527
T1835419,0,0,0,0,0,0,1,20200227,20200527
T1835487,0,0,0,0,0,0,1,20200227,20200527
T1835488,0,0,0,0,0,0,1,20200227,20200527
T1835489,0,0,0,0,0,0,1,20200227,20200527
T1835584,0,0,0,0,0,0,1,20200227,20200527
T1835585,0,0,0,0,0,0,1,20200227,20200527
T1835586,0,0,0,0,0,0,1,20200227,20200527
T1835587,0,0,0,0,0,0,1,20200227,20200527
T1835588,0,0,0,0,0,0,1,20200227,20200527
T1835589,0,0,0,0,0,0,1,20200227,20200527
T1835590,0,0,0,0,0,0,1,20200227,20200527
T1835591,0,0,0,0,0,0,1,20200227,20200527
T1835592,0,0,0,0,0,0,1,20200227,20200527
T1835593,0,0,0,0,0,0,1,20200227,20200527
T1835594,0,0,0,0,0,0,1,20200227,20200527
T1835595,0,0,0,0,0,0,1,20200227,20200527
T1835596,0,0,0,0,0,0,1,20200227,20200527
T1835597,0,0,0,0,0,0,1,20200227,20200527
T1835598,0,0,0,0,0,0,1,20200227,20200527
T1835663,0,0,0,0,0,0,1,20200227,20200527
T1835664,0,0,0,0,0,0,1,20200227,20200527
T1835665,0,0,0,0,0,0,1,20200227,20200527
T1835666,0,0,0,0,0,0,1,20200227,20200527
T1835667,0,0,0,0,0,0,1,20200227,20200527
T1835668,0,0,0,0,0,0,1,20200227,20200527
T1835669,0,0,0,0,0,0,1,20200227,20200527
T1835670,0,0,0,0,0,0,1,20200227,20200527
T1835671,0,0,0,0,0,0,1,20200227,20200527
T1835672,0,0,0,0,0,0,1,20200227,20200527
T1835673,0,0,0,0,0,0,1,20200227,20200527
T1835674,0,0,0,0,0,0,1,20200227,20200527
T1835675,0,0,0,0,0,0,1,20200227,20200527
T1835676,0,0,0,0,0,0,1,20200227,20200527
T1835677,0,0,0,0,0,0,1,20200227,20200527
T1835678,0,0,0,0,0,0,1,20200227,20200527
T1835719,0,0,0,0,0,0,1,20200227,20200527
T1835722,0,0,0,0,0,0,1,20200227,20200527
T1835759,0,0,0,0,0,0,1,20200227,20200527
T1835760,0,0,0,0,0,0,1,20200227,20200527
T1835761,0,0,0,0,0,0,1,20200227,20200527
T1835762,0,0,0,0,0,0,1,20200227,20200527
T1835763,0,0,0,0,0,0,1,20200227,20200527
T1835765,0,0,0,0,0,0,1,20200227,20200527
T1835766,0,0,0,0,0,0,1,20200227,20200527
T1835767,0,0,0,0,0,0,1,20200227,20200527
T1835768,0,0,0,0,0,0,1,20200227,20200527
T1835769,0,0,0,0,0,0,1,20200227,20200527
T1835770,0,0,0,0,0,0,1,20200227,20200527
T1835789,0,0,0,0,0,0,1,20200227,20200527
T1835790,0,0,0,0,0,0,1,20200227,20200527
T1835815,0,0,0,0,0,0,1,20200227,20200527
T1835816,0,0,0,0,0,0,1,20200227,20200527
T1835817,0,0,0,0,0,0,1,20200227,20200527
T1835818,0,0,0,0,0,0,1,20200227,20200527
T1835819,0,0,0,0,0,0,1,20200227,20200527
T1835820,0,0,0,0,0,0,1,20200227,20200527
T1835821,0,0,0,0,0,0,1,20200227,20200527
T1835879,0,0,0,0,0,0,1,20200227,20200527
T1835880,0,0,0,0,0,0,1,20200227,20200527
T1835881,0,0,0,0,0,0,1,20200227,20200527
T1835882,0,0,0,0,0,0,1,20200227,20200527
T1835883,0,0,0,0,0,0,1,20200227,20200527
T1835884,0,0,0,0,0,0,1,20200227,20200527
T1835885,0,0,0,0,0,0,1,20200227,20200527
T1835886,0,0,0,0,0,0,1,20200227,20200527
T1835887,0,0,0,0,0,0,1,20200227,20200527
T1835888,0,0,0,0,0,0,1,20200227,20200527
T1835948,0,0,0,0,0,0,1,20200227,20200527
T1835949,0,0,0,0,0,0,1,20200227,20200527
T1835950,0,0,0,0,0,0,1,20200227,20200527
T1835951,0,0,0,0,0,0,1,20200227,20200527
T1835952,0,0,0,0,0,0,1,20200227,20200527
T1835953,0,0,0,0,0,0,1,20200227,20200527
T1835954,0,0,0,0,0,0,1,20200227,20200527
T1835955,0,0,0,0,0,0,1,20200227,20200527
T1835956,0,0,0,0,0,0,1,20200227,20200527
T1835957,0,0,0,0,0,0,1,20200227,20200527
T1835965,0,0,0,0,0,0,1,20200227,20200527
T1835970,0,0,0,0,0,0,1,20200227,20200527
T1835976,0,0,0,0,0,0,1,20200227,20200527
T1835979,0,0,0,0,0,0,1,20200227,20200527
T1835989,0,0,0,0,0,0,1,20200227,20200527
T1835992,0,0,0,0,0,0,1,20200227,20200527
T1835995,0,0,0,0,0,0,1,20200227,20200527
T1835998,0,0,0,0,0,0,1,20200227,20200527
T1836001,0,0,0,0,0,0,1,20200227,20200527
T1836034,0,0,0,0,0,0,1,20200227,20200527
T1836037,0,0,0,0,0,0,1,20200227,20200527
T1836040,0,0,0,0,0,0,1,20200227,20200527
T1836043,0,0,0,0,0,0,1,20200227,20200527
T1836046,0,0,0,0,0,0,1,20200227,20200527
T1836049,0,0,0,0,0,0,1,20200227,20200527
T1836052,0,0,0,0,0,0,1,20200227,20200527
T1836055,0,0,0,0,0,0,1,20200227,20200527
T1836058,0,0,0,0,0,0,1,20200227,20200527
T1836061,0,0,0,0,0,0,1,20200227,20200527
T1836122,0,0,0,0,0,0,1,20200227,20200527
T1836123,0,0,0,0,0,0,1,20200227,20200527
T1836124,0,0,0,0,0,0,1,20200227,20200527
T1836647,0,0,0,0,0,0,1,20200227,20200527
T1836648,0,0,0,0,0,0,1,20200227,20200527
T1836649,0,0,0,0,0,0,1,20200227,20200527
T1836650,0,0,0,0,0,0,1,20200227,20200527
T1836651,0,0,0,0,0,0,1,20200227,20200527
T1836652,0,0,0,0,0,0,1,20200227,20200527
T1836653,0,0,0,0,0,0,1,20200227,20200527
T1836893,0,0,0,0,0,0,1,20200227,20200527
T1836894,0,0,0,0,0,0,1,20200227,20200527
T1836895,0,0,0,0,0,0,1,20200227,20200527
T1836896,0,0,0,0,0,0,1,20200227,20200527
T1836897,0,0,0,0,0,0,1,20200227,20200527
T1836898,0,0,0,0,0,0,1,20200227,20200527
T1836899,0,0,0,0,0,0,1,20200227,20200527
T1836900,0,0,0,0,0,0,1,20200227,20200527
T1836904,0,0,0,0,0,0,1,20200227,20200527
T1836905,0,0,0,0,0,0,1,20200227,20200527
T1836906,0,0,0,0,0,0,1,20200227,20200527
T1836951,0,0,0,0,0,0,1,20200227,20200527
T1836952,0,0,0,0,0,0,1,20200227,20200527
T1836953,0,0,0,0,0,0,1,20200227,20200527
T1836954,0,0,0,0,0,0,1,20200227,20200527
T1836955,0,0,0,0,0,0,1,20200227,20200527
T1836956,0,0,0,0,0,0,1,20200227,20200527
T1836957,0,0,0,0,0,0,1,20200227,20200527
T1836970,0,0,0,0,0,0,1,20200227,20200527
T1836971,0,0,0,0,0,0,1,20200227,20200527
T1836972,0,0,0,0,0,0,1,20200227,20200527
T1836973,0,0,0,0,0,0,1,20200227,20200527
T1879544,0,0,0,0,0,0,1,20200227,20200527
T1880871,0,0,0,0,0,0,1,20200227,20200527
T1881183,0,0,0,0,0,0,1,20200227,20200527
T1881184,0,0,0,0,0,0,1,20200227,20200527
T1881255,0,0,0,0,0,0,1,20200227,20200527
T1881256,0,0,0,0,0,0,1,20200227,20200527
T1881257,0,0,0,0,0,0,1,20200227,20200527
T1881258,0,0,0,0,0,0,1,20200227,20200527
T2059417,0,0,0,0,0,0,1,20200227,20200527
T2059418,0,0,0,0,0,0,1,20200227,20200527
T2059419,0,0,0,0,0,0,1,20200227,20200527
T2059420,0,0,0,0,0,0,1,20200227,20200527
T2059421,0,0,0,0,0,0,1,20200227,20200527
T2059422,0,0,0,0,0,0,1,20200227,20200527
T2059423,0,0,0,0,0,0,1,20200227,20200527
T2059424,0,0,0,0,0,0,1,20200227,20200527
T2059425,0,0,0,0,0,0,1,20200227,20200527
T2059426,0,0,0,0,0,0,1,20200227,20200527
T2059434,0,0,0,0,0,0,1,20200227,20200527
T2059435,0,0,0,0,0,0,1,20200227,20200527
T2059436,0,0,0,0,0,0,1,20200227,20200527
T2059437,0,0,0,0,0,0,1,20200227,20200527
T2059438,0,0,0,0,0,0,1,20200227,20200527
T2059439,0,0,0,0,0,0,1,20200227,20200527
T2059440,0,0,0,0,0,0,1,20200227,20200527
T2059441,0,0,0,0,0,0,1,20200227,20200527
T2059485,0,0,0,0,0,0,1,20200227,20200527
T2160421,0,0,0,0,0,0,1,20200227,20200527
T2160422,0,0,0,0,0,0,1,20200227,20200527
T2160423,0,0,0,0,0,0,1,20200227,20200527
T2160424,0,0,0,0,0,0,1,20200227,20200527
T2160425,0,0,0,0,0,0,1,20200227,20200527
T2160426,0,0,0,0,0,0,1,20200227,20200527
T2160427,0,0,0,0,0,0,1,20200227,20200527
T2160428,0,0,0,0,0,0,1,20200227,20200527
T2160429,0,0,0,0,0,0,1,20200227,20200527
T2160430,0,0,0,0,0,0,1,20200227,20200527
T2160431,0,0,0,0,0,0,1,20200227,20200527
T2160432,0,0,0,0,0,0,1,20200227,20200527
T2160440,0,0,0,0,0,0,1,20200227,20200527
T2160441,0,0,0,0,0,0,1,20200227,20200527
T2160442,0,0,0,0,0,0,1,20200227,20200527
T2160572,0,0,0,0,0,0,1,20200227,20200527
T2160573,0,0,0,0,0,0,1,20200227,20200527
T2160574,0,0,0,0,0,0,1,20200227,20200527
T2160575,0,0,0,0,0,0,1,20200227,20200527
T2160576,0,0,0,0,0,0,1,20200227,20200527
T2160577,0,0,0,0,0,0,1,20200227,20200527
T2160578,0,0,0,0,0,0,1,20200227,20200527
T2160579,0,0,0,0,0,0,1,20200227,20200527
T2160580,0,0,0,0,0,0,1,20200227,20200527
T2160581,0,0,0,0,0,0,1,20200227,20200527
T2160582,0,0,0,0,0,0,1,20200227,20200527
T2160583,0,0,0,0,0,0,1,20200227,20200527
T2160590,0,0,0,0,0,0,1,20200227,20200527
T2160591,0,0,0,0,0,0,1,20200227,20200527
T2160592,0,0,0,0,0,0,1,20200227,20200527
T2189808,0,0,0,0,0,0,1,20200227,20200527
T2189809,0,0,0,0,0,0,1,20200227,20200527
T2189810,0,0,0,0,0,0,1,20200227,20200527
T2189811,0,0,0,0,0,0,1,20200227,20200527
T2189812,0,0,0,0,0,0,1,20200227,20200527
T2189813,0,0,0,0,0,0,1,20200227,20200527
T2189814,0,0,0,0,0,0,1,20200227,20200527
T2189815,0,0,0,0,0,0,1,20200227,20200527
T2207743,0,0,0,0,0,0,1,20200227,20200527
T2207744,0,0,0,0,0,0,1,20200227,20200527
T2207745,0,0,0,0,0,0,1,20200227,20200527
T2207746,0,0,0,0,0,0,1,20200227,20200527
T2207747,0,0,0,0,0,0,1,20200227,20200527
T2207748,0,0,0,0,0,0,1,20200227,20200527
T2207907,1,1,1,1,1,0,0,20200227,20200527
T2207908,1,1,1,1,1,0,0,20200227,20200527
T2207909,1,1,1,1,1,0,0,20200227,20200527
T2207910,1,1,1,1,1,0,0,20200227,20200527
T2207911,1,1,1,1,1,0,0,20200227,20200527
T2207912,1,1,1,1,1,0,0,20200227,20200527
T2215754,1,1,1,1,1,0,0,20200227,20200527
T2261957,0,0,0,0,0,0,1,20200227,20200527
T2261958,0,0,0,0,0,0,1,20200227,20200527
T2261959,0,0,0,0,0,0,1,20200227,20200527
T2261960,0,0,0,0,0,0,1,20200227,20200527
T2261961,0,0,0,0,0,0,1,20200227,20200527
T2261962,0,0,0,0,0,0,1,20200227,20200527
T2261963,0,0,0,0,0,0,1,20200227,20200527
T2261964,0,0,0,0,0,0,1,20200227,20200527
T2261965,0,0,0,0,0,0,1,20200227,20200527
T2261985,1,1,1,1,1,0,0,20200227,20200527
T2261986,1,1,1,1,1,0,0,20200227,20200527
T2261987,1,1,1,1,1,0,0,20200227,20200527
T2261988,1,1,1,1,1,0,0,20200227,20200527
T2261989,1,1,1,1,1,0,0,20200227,20200527
T2261995,1,1,1,1,1,0,0,20200227,20200527
T2261996,1,1,1,1,1,0,0,20200227,20200527
T2261997,1,1,1,1,1,0,0,20200227,20200527
T2261998,1,1,1,1,1,0,0,20200227,20200527
T2261999,1,1,1,1,1,0,0,20200227,20200527
T2262000,1,1,1,1,1,0,0,20200227,20200527
T2262390,0,0,0,0,0,1,0,20200227,20200527
T2262391,0,0,0,0,0,1,0,20200227,20200527
T2262392,0,0,0,0,0,1,0,20200227,20200527
T2262393,0,0,0,0,0,1,0,20200227,20200527
T2262394,0,0,0,0,0,1,0,20200227,20200527
T2262395,0,0,0,0,0,1,0,20200227,20200527
T2262396,0,0,0,0,0,1,0,20200227,20200527
T2262397,0,0,0,0,0,1,0,20200227,20200527
T2262398,0,0,0,0,0,1,0,20200227,20200527
T2262399,0,0,0,0,0,1,0,20200227,20200527
T2262400,0,0,0,0,0,1,0,20200227,20200527
T2262401,0,0,0,0,0,1,0,20200227,20200527
T2262402,0,0,0,0,0,1,0,20200227,20200527
T2262403,0,0,0,0,0,1,0,20200227,20200527
T2262404,0,0,0,0,0,1,0,20200227,20200527
T2262405,0,0,0,0,0,1,0,20200227,20200527
T2262406,0,0,0,0,0,1,0,20200227,20200527
T2262407,0,0,0,0,0,1,0,20200227,20200527
T2262408,0,0,0,0,0,1,0,20200227,20200527
T2262409,0,0,0,0,0,1,0,20200227,20200527
T2262410,0,0,0,0,0,1,0,20200227,20200527
T2262411,0,0,0,0,0,1,0,20200227,20200527
T2262412,0,0,0,0,0,1,0,20200227,20200527
T2262413,0,0,0,0,0,1,0,20200227,20200527
T2262414,0,0,0,0,0,1,0,20200227,20200527
T2262415,0,0,0,0,0,1,0,20200227,20200527
T2262416,0,0,0,0,0,1,0,20200227,20200527
T2262417,0,0,0,0,0,1,0,20200227,20200527
T2262418,0,0,0,0,0,1,0,20200227,20200527
T2262426,0,0,0,0,0,1,0,20200227,20200527
T2262427,0,0,0,0,0,1,0,20200227,20200527
T2262428,0,0,0,0,0,1,0,20200227,20200527
T2262429,0,0,0,0,0,1,0,20200227,20200527
T2262430,0,0,0,0,0,1,0,20200227,20200527
T2262431,0,0,0,0,0,1,0,20200227,20200527
T2262432,0,0,0,0,0,1,0,20200227,20200527
T2262433,0,0,0,0,0,1,0,20200227,20200527
T2262434,0,0,0,0,0,1,0,20200227,20200527
T2262435,0,0,0,0,0,1,0,20200227,20200527
T2262436,0,0,0,0,0,1,0,20200227,20200527
T2262437,0,0,0,0,0,1,0,20200227,20200527
T2262462,0,0,0,0,0,0,1,20200227,20200527
T2262463,0,0,0,0,0,0,1,20200227,20200527
T2262464,0,0,0,0,0,0,1,20200227,20200527
T2262465,0,0,0,0,0,0,1,20200227,20200527
T2262466,0,0,0,0,0,0,1,20200227,20200527
T2262467,0,0,0,0,0,0,1,20200227,20200527
T2262468,0,0,0,0,0,0,1,20200227,20200527
T2262469,0,0,0,0,0,0,1,20200227,20200527
T2262470,0,0,0,0,0,0,1,20200227,20200527
T2262473,0,0,0,0,0,0,1,20200227,20200527
T2262474,0,0,0,0,0,0,1,20200227,20200527
T2262475,0,0,0,0,0,0,1,20200227,20200527
T2262476,0,0,0,0,0,0,1,20200227,20200527
T2262477,0,0,0,0,0,0,1,20200227,20200527
T2262478,0,0,0,0,0,0,1,20200227,20200527
T2262479,0,0,0,0,0,0,1,20200227,20200527
T2262480,0,0,0,0,0,0,1,20200227,20200527
T2262481,0,0,0,0,0,0,1,20200227,20200527
T2262482,0,0,0,0,0,0,1,20200227,20200527
T2262483,0,0,0,0,0,0,1,20200227,20200527
T2262484,0,0,0,0,0,0,1,20200227,20200527
T2262485,0,0,0,0,0,0,1,20200227,20200527
T2262486,0,0,0,0,0,0,1,20200227,20200527
T2262487,0,0,0,0,0,0,1,20200227,20200527
T2262488,0,0,0,0,0,0,1,20200227,20200527
T2262489,0,0,0,0,0,0,1,20200227,20200527
T2262490,0,0,0,0,0,0,1,20200227,20200527
T2262491,0,0,0,0,0,0,1,20200227,20200527
T2262492,0,0,0,0,0,0,1,20200227,20200527
T2262493,0,0,0,0,0,0,1,20200227,20200527
T2262494,0,0,0,0,0,0,1,20200227,20200527
T2262524,0,0,0,0,0,0,1,20200227,20200527
T2262525,0,0,0,0,0,0,1,20200227,20200527
T2262526,0,0,0,0,0,0,1,20200227,20200527
T2262527,0,0,0,0,0,0,1,20200227,20200527
T2262528,0,0,0,0,0,0,1,20200227,20200527
T2262529,0,0,0,0,0,0,1,20200227,20200527
T2262530,0,0,0,0,0,0,1,20200227,20200527
T2262531,0,0,0,0,0,0,1,20200227,20200527
T2262554,0,0,0,0,0,0,1,20200227,20200527
T2262562,0,0,0,0,0,0,1,20200227,20200527
T2262563,0,0,0,0,0,0,1,20200227,20200527
T2262564,0,0,0,0,0,0,1,20200227,20200527
T2262565,0,0,0,0,0,0,1,20200227,20200527
T2262566,0,0,0,0,0,0,1,20200227,20200527
T2262567,0,0,0,0,0,0,1,20200227,20200527
T2262568,0,0,0,0,0,0,1,20200227,20200527
T2262569,0,0,0,0,0,0,1,20200227,20200527
T2262570,0,0,0,0,0,0,1,20200227,20200527
T2262571,0,0,0,0,0,0,1,20200227,20200527
T2262626,1,1,1,1,1,0,0,20200227,20200527
T2262627,1,1,1,1,1,0,0,20200227,20200527
T2262628,1,1,1,1,1,0,0,20200227,20200527
T2262629,1,1,1,1,1,0,0,20200227,20200527
T2262630,1,1,1,1,1,0,0,20200227,20200527
T2262631,1,1,1,1,1,0,0,20200227,20200527
T2262632,1,1,1,1,1,0,0,20200227,20200527
T2262633,1,1,1,1,1,0,0,20200227,20200527
T2262634,1,1,1,1,1,0,0,20200227,20200527
T2262635,1,1,1,1,1,0,0,20200227,20200527
T2262636,1,1,1,1,1,0,0,20200227,20200527
T2262637,1,1,1,1,1,0,0,20200227,20200527
T2262638,1,1,1,1,1,0,0,20200227,20200527
T2262639,1,1,1,1,1,0,0,20200227,20200527
T2262640,1,1,1,1,1,0,0,20200227,20200527
T2262641,1,1,1,1,1,0,0,20200227,20200527
T2262642,1,1,1,1,1,0,0,20200227,20200527
T2262643,1,1,1,1,1,0,0,20200227,20200527
T2262644,1,1,1,1,1,0,0,20200227,20200527
T2262645,1,1,1,1,1,0,0,20200227,20200527
T2262646,1,1,1,1,1,0,0,20200227,20200527
T2262647,1,1,1,1,1,0,0,20200227,20200527
T2262648,1,1,1,1,1,0,0,20200227,20200527
T2262649,1,1,1,1,1,0,0,20200227,20200527
T2262650,1,1,1,1,1,0,0,20200227,20200527
T2262651,1,1,1,1,1,0,0,20200227,20200527
T2262652,1,1,1,1,1,0,0,20200227,20200527
T2262653,1,1,1,1,1,0,0,20200227,20200527
T2262654,1,1,1,1,1,0,0,20200227,20200527
T2262655,1,1,1,1,1,0,0,20200227,20200527
T2262656,1,1,1,1,1,0,0,20200227,20200527
T2262657,1,1,1,1,1,0,0,20200227,20200527
T2262658,1,1,1,1,1,0,0,20200227,20200527
T2262659,1,1,1,1,1,0,0,20200227,20200527
T2262660,1,1,1,1,1,0,0,20200227,20200527
T2262661,1,1,1,1,1,0,0,20200227,20200527
T2262662,1,1,1,1,1,0,0,20200227,20200527
T2262663,1,1,1,1,1,0,0,20200227,20200527
T2262664,1,1,1,1,1,0,0,20200227,20200527
T2262665,1,1,1,1,1,0,0,20200227,20200527
T2262666,1,1,1,1,1,0,0,20200227,20200527
T2262667,1,1,1,1,1,0,0,20200227,20200527
T2262668,1,1,1,1,1,0,0,20200227,20200527
T2262669,1,1,1,1,1,0,0,20200227,20200527
T2262670,1,1,1,1,1,0,0,20200227,20200527
T2262671,1,1,1,1,1,0,0,20200227,20200527
T2262672,1,1,1,1,1,0,0,20200227,20200527
T2262673,1,1,1,1,1,0,0,20200227,20200527
T2262674,1,1,1,1,1,0,0,20200227,20200527
T2262683,1,1,1,1,1,0,0,20200227,20200527
T2262684,1,1,1,1,1,0,0,20200227,20200527
T2262685,1,1,1,1,1,0,0,20200227,20200527
T2262686,1,1,1,1,1,0,0,20200227,20200527
T2262687,1,1,1,1,1,0,0,20200227,20200527
T2262688,1,1,1,1,1,0,0,20200227,20200527
T2262689,1,1,1,1,1,0,0,20200227,20200527
T2262690,1,1,1,1,1,0,0,20200227,20200527
T2262691,1,1,1,1,1,0,0,20200227,20200527
T2262692,1,1,1,1,1,0,0,20200227,20200527
T2262783,0,0,0,0,0,1,0,20200227,20200527
T2262784,0,0,0,0,0,1,0,20200227,20200527
T2262785,0,0,0,0,0,1,0,20200227,20200527
T2262786,0,0,0,0,0,1,0,20200227,20200527
T2262787,0,0,0,0,0,1,0,20200227,20200527
T2262788,0,0,0,0,0,1,0,20200227,20200527
T2262789,0,0,0,0,0,1,0,20200227,20200527
T2262790,0,0,0,0,0,1,0,20200227,20200527
T2262791,0,0,0,0,0,1,0,20200227,20200527
T2262792,0,0,0,0,0,1,0,20200227,20200527
T2262793,0,0,0,0,0,1,0,20200227,20200527
T2262794,0,0,0,0,0,1,0,20200227,20200527
T2262795,0,0,0,0,0,1,0,20200227,20200527
T2262796,0,0,0,0,0,1,0,20200227,20200527
T2262797,0,0,0,0,0,1,0,20200227,20200527
T2262798,0,0,0,0,0,1,0,20200227,20200527
T2262799,0,0,0,0,0,1,0,20200227,20200527
T2262800,0,0,0,0,0,1,0,20200227,20200527
T2262801,0,0,0,0,0,1,0,20200227,20200527
T2262802,0,0,0,0,0,1,0,20200227,20200527
T2262803,0,0,0,0,0,1,0,20200227,20200527
T2262804,0,0,0,0,0,1,0,20200227,20200527
T2262805,0,0,0,0,0,1,0,20200227,20200527
T2262806,0,0,0,0,0,1,0,20200227,20200527
T2262807,0,0,0,0,0,1,0,20200227,20200527
T2262808,0,0,0,0,0,1,0,20200227,20200527
T2262809,0,0,0,0,0,1,0,20200227,20200527
T2262810,0,0,0,0,0,1,0,20200227,20200527
T2262814,0,0,0,0,0,1,0,20200227,20200527
T2262815,0,0,0,0,0,1,0,20200227,20200527
T2262816,0,0,0,0,0,1,0,20200227,20200527
T2262817,0,0,0,0,0,1,0,20200227,20200527
T2262818,0,0,0,0,0,1,0,20200227,20200527
T2262819,0,0,0,0,0,1,0,20200227,20200527
T2262820,0,0,0,0,0,1,0,20200227,20200527
T2262821,0,0,0,0,0,1,0,20200227,20200527
T2262822,0,0,0,0,0,1,0,20200227,20200527
T2262823,0,0,0,0,0,1,0,20200227,20200527
T2262824,0,0,0,0,0,1,0,20200227,20200527
T2262825,0,0,0,0,0,1,0,20200227,20200527
T2262826,0,0,0,0,0,1,0,20200227,20200527
T2262838,0,0,0,0,0,0,1,20200227,20200527
T2262839,0,0,0,0,0,0,1,20200227,20200527
T2262840,0,0,0,0,0,0,1,20200227,20200527
T2262841,0,0,0,0,0,0,1,20200227,20200527
T2262842,0,0,0,0,0,0,1,20200227,20200527
T2262843,0,0,0,0,0,0,1,20200227,20200527
T2262844,0,0,0,0,0,0,1,20200227,20200527
T2262845,0,0,0,0,0,0,1,20200227,20200527
T2262846,0,0,0,0,0,0,1,20200227,20200527
T2262847,0,0,0,0,0,0,1,20200227,20200527
T2262848,0,0,0,0,0,0,1,20200227,20200527
T2262849,0,0,0,0,0,0,1,20200227,20200527
T2262850,0,0,0,0,0,0,1,20200227,20200527
T2262851,0,0,0,0,0,0,1,20200227,20200527
T2262852,0,0,0,0,0,0,1,20200227,20200527
T2262853,0,0,0,0,0,0,1,20200227,20200527
T2262854,0,0,0,0,0,0,1,20200227,20200527
T2262855,0,0,0,0,0,0,1,20200227,20200527
T2262856,0,0,0,0,0,0,1,20200227,20200527
T2262857,0,0,0,0,0,0,1,20200227,20200527
T2262858,0,0,0,0,0,0,1,20200227,20200527
T2262866,0,0,0,0,0,0,1,20200227,20200527
T2262867,0,0,0,0,0,0,1,20200227,20200527
T2262868,0,0,0,0,0,0,1,20200227,20200527
T2262869,0,0,0,0,0,0,1,20200227,20200527
T2262870,0,0,0,0,0,0,1,20200227,20200527
T2262871,0,0,0,0,0,0,1,20200227,20200527
T2262873,0,0,0,0,0,0,1,20200227,20200527
T2262874,0,0,0,0,0,0,1,20200227,20200527
T2262875,0,0,0,0,0,0,1,20200227,20200527
T2262876,0,0,0,0,0,0,1,20200227,20200527
T2262877,0,0,0,0,0,0,1,20200227,20200527
T2262878,0,0,0,0,0,0,1,20200227,20200527
T2262879,0,0,0,0,0,0,1,20200227,20200527
T2262880,0,0,0,0,0,0,1,20200227,20200527
T2262881,0,0,0,0,0,0,1,20200227,20200527
T2262882,0,0,0,0,0,0,1,20200227,20200527
T2262892,0,0,0,0,0,0,1,20200227,20200527
T2262893,0,0,0,0,0,0,1,20200227,20200527
T2262894,0,0,0,0,0,0,1,20200227,20200527
T2262895,0,0,0,0,0,0,1,20200227,20200527
T2262896,0,0,0,0,0,0,1,20200227,20200527
T2262897,0,0,0,0,0,0,1,20200227,20200527
T2262898,0,0,0,0,0,0,1,20200227,20200527
T2262899,0,0,0,0,0,0,1,20200227,20200527
T2262900,0,0,0,0,0,0,1,20200227,20200527
T2262903,0,0,0,0,0,0,1,20200227,20200527
T2262904,0,0,0,0,0,0,1,20200227,20200527
T2262905,0,0,0,0,0,0,1,20200227,20200527
T2262917,1,1,1,1,1,0,0,20200227,20200527
T2262918,1,1,1,1,1,0,0,20200227,20200527
T2262919,1,1,1,1,1,0,0,20200227,20200527
T2262920,1,1,1,1,1,0,0,20200227,20200527
T2262921,1,1,1,1,1,0,0,20200227,20200527
T2262922,1,1,1,1,1,0,0,20200227,20200527
T2262923,1,1,1,1,1,0,0,20200227,20200527
T2262924,1,1,1,1,1,0,0,20200227,20200527
T2262925,1,1,1,1,1,0,0,20200227,20200527
T2262926,1,1,1,1,1,0,0,20200227,20200527
T2262927,1,1,1,1,1,0,0,20200227,20200527
T2262928,1,1,1,1,1,0,0,20200227,20200527
T2262929,1,1,1,1,1,0,0,20200227,20200527
T2262930,1,1,1,1,1,0,0,20200227,20200527
T2262931,1,1,1,1,1,0,0,20200227,20200527
T2262932,1,1,1,1,1,0,0,20200227,20200527
T2262933,1,1,1,1,1,0,0,20200227,20200527
T2262934,1,1,1,1,1,0,0,20200227,20200527
T2262935,1,1,1,1,1,0,0,20200227,20200527
T2262936,1,1,1,1,1,0,0,20200227,20200527
T2262937,1,1,1,1,1,0,0,20200227,20200527
T2262938,1,1,1,1,1,0,0,20200227,20200527
T2262939,1,1,1,1,1,0,0,20200227,20200527
T2262940,1,1,1,1,1,0,0,20200227,20200527
T2262941,1,1,1,1,1,0,0,20200227,20200527
T2262942,1,1,1,1,1,0,0,20200227,20200527
T2262943,1,1,1,1,1,0,0,20200227,20200527
T2262944,1,1,1,1,1,0,0,20200227,20200527
T2262945,1,1,1,1,1,0,0,20200227,20200527
T2262946,1,1,1,1,1,0,0,20200227,20200527
T2262947,1,1,1,1,1,0,0,20200227,20200527
T2262948,1,1,1,1,1,0,0,20200227,20200527
T2262949,1,1,1,1,1,0,0,20200227,20200527
T2262950,1,1,1,1,1,0,0,20200227,20200527
T2262951,1,1,1,1,1,0,0,20200227,20200527
T2262952,1,1,1,1,1,0,0,20200227,20200527
T2262953,1,1,1,1,1,0,0,20200227,20200527
T2262954,1,1,1,1,1,0,0,20200227,20200527
T2262955,1,1,1,1,1,0,0,20200227,20200527
T2262956,1,1,1,1,1,0,0,20200227,20200527
T2262957,1,1,1,1,1,0,0,20200227,20200527
T2262958,1,1,1,1,1,0,0,20200227,20200527
T2262959,1,1,1,1,1,0,0,20200227,20200527
T2262960,1,1,1,1,1,0,0,20200227,20200527
T2262961,1,1,1,1,1,0,0,20200227,20200527
T2262962,1,1,1,1,1,0,0,20200227,20200527
T2262963,1,1,1,1,1,0,0,20200227,20200527
T2262964,1,1,1,1,1,0,0,20200227,20200527
T2262965,1,1,1,1,1,0,0,20200227,20200527
T2262966,1,1,1,1,1,0,0,20200227,20200527
T2262967,1,1,1,1,1,0,0,20200227,20200527
T2262979,1,1,1,1,1,0,0,20200227,20200527
T2262980,1,1,1,1,1,0,0,20200227,20200527
T2262981,1,1,1,1,1,0,0,20200227,20200527
T2262982,1,1,1,1,1,0,0,20200227,20200527
T2262983,1,1,1,1,1,0,0,20200227,20200527
T2262984,1,1,1,1,1,0,0,20200227,20200527
T2262985,1,1,1,1,1,0,0,20200227,20200527
T2262986,1,1,1,1,1,0,0,20200227,20200527
T2262987,1,1,1,1,1,0,0,20200227,20200527
T2263442,1,1,1,1,1,0,0,20200227,20200527
T2263443,1,1,1,1,1,0,0,20200227,20200527
T2263444,1,1,1,1,1,0,0,20200227,20200527
T2263445,1,1,1,1,1,0,0,20200227,20200527
T2263446,1,1,1,1,1,0,0,20200227,20200527
T2263447,1,1,1,1,1,0,0,20200227,20200527
T2263448,1,1,1,1,1,0,0,20200227,20200527
T2263449,1,1,1,1,1,0,0,20200227,20200527
T2263450,1,1,1,1,1,0,0,20200227,20200527
T2263451,1,1,1,1,1,0,0,20200227,20200527
T2263452,1,1,1,1,1,0,0,20200227,20200527
T2263944,1,1,1,1,1,0,0,20200227,20200527
T2263945,1,1,1,1,1,0,0,20200227,20200527
T2263946,1,1,1,1,1,0,0,20200227,20200527
T2263947,1,1,1,1,1,0,0,20200227,20200527
T2263948,1,1,1,1,1,0,0,20200227,20200527
T2263949,1,1,1,1,1,0,0,20200227,20200527
T2263950,1,1,1,1,1,0,0,20200227,20200527
T2263951,1,1,1,1,1,0,0,20200227,20200527
T2263952,1,1,1,1,1,0,0,20200227,20200527
T2263953,1,1,1,1,1,0,0,20200227,20200527
